SubstitutionRate,Theta
0.00061243 ,391.95519999999993
1.05504115e-06 ,0.675226336
0.00073509 ,470.4576
0.0004186 ,267.904
0.00071209 ,455.7376
0.00076809 ,491.5776
0.00028138 ,180.0832
5.69053171e-06 ,3.6419402944000003
0.00063477 ,406.2528
0.00042868 ,274.3552
0.00051206 ,327.71840000000003
6.60370982e-05 ,42.26374284800001
0.00028014 ,179.2896
0.00053671 ,343.49440000000004
0.00056997 ,364.78080000000006
3.5577654e-05 ,22.769698560000002
0.000504 ,322.56
0.00020991 ,134.3424
0.00056405 ,360.99199999999996
0.00066431 ,425.1584
0.00077226 ,494.2464
0.00012164 ,77.8496
0.00062588 ,400.5632
0.00010424 ,66.7136
0.00037912 ,242.6368
0.00034675 ,221.92000000000002
0.00043805 ,280.352
0.00021609 ,138.2976
0.00020289 ,129.8496
0.00064305 ,411.552
0.00010197 ,65.2608
0.00039738 ,254.3232
0.00023183 ,148.37120000000002
0.00033514 ,214.4896
3.1359263e-06 ,2.006992832
0.0005831 ,373.184
0.00061417 ,393.0688
0.00050378 ,322.4192
0.00011264 ,72.0896
0.00052697 ,337.26079999999996
0.00025875 ,165.6
0.00078017 ,499.30879999999996
0.00029484 ,188.6976
0.00035022 ,224.14079999999998
0.00020522 ,131.3408
3.15455363e-05 ,20.189143232
0.0006707 ,429.248
0.00055504 ,355.2256
0.00026126 ,167.2064
0.0006926 ,443.264
0.00045149 ,288.9536
0.00053755 ,344.03200000000004
0.00036264 ,232.08960000000002
0.00071621 ,458.37440000000004
0.00062161 ,397.8304
0.00033002 ,211.2128
0.00058765 ,376.096
4.36308518e-05 ,27.923745152000002
0.00021117 ,135.1488
0.00064203 ,410.8992
0.00049923 ,319.5072
0.00041763 ,267.2832
3.13201305e-05 ,20.04488352
0.00063951 ,409.2864
0.00023253 ,148.8192
0.00018851 ,120.64639999999999
0.00053799 ,344.31359999999995
0.00014688 ,94.0032
0.00037296 ,238.69439999999997
0.00048237 ,308.7168
0.00067575 ,432.48
3.78484554e-05 ,24.223011456000002
0.00022122 ,141.5808
5.71951555e-06 ,3.660489952
0.00064737 ,414.3168
0.00031934 ,204.3776
0.0002329 ,149.05599999999998
0.00053043 ,339.47520000000003
0.00053036 ,339.4304
0.00021154 ,135.3856
0.00042261 ,270.47040000000004
0.00041818 ,267.6352
0.00029369 ,187.9616
0.0004569 ,292.416
0.00032284 ,206.6176
0.00075411 ,482.63039999999995
0.00056976 ,364.6464
0.00048417 ,309.8688
0.00017348 ,111.0272
0.00040298 ,257.9072
0.00046832 ,299.7248
0.00019913 ,127.4432
0.00040144 ,256.92159999999996
8.64465998e-05 ,55.325823872
0.00067732 ,433.4848
0.00048437 ,309.9968
0.00044148 ,282.5472
0.00014049 ,89.9136
0.00075672 ,484.30080000000004
0.00056669 ,362.6816
0.00035434 ,226.77760000000004
0.00033288 ,213.0432
0.00030485 ,195.104
0.00046452 ,297.2928
0.00038662 ,247.4368
0.00022081 ,141.3184
0.00023752 ,152.0128
6.86514127e-06 ,4.3936904128
0.00064288 ,411.4432
0.00011008 ,70.4512
8.77153621e-05 ,56.137831743999996
0.00061603 ,394.2592000000001
0.00068543 ,438.6752
0.00044955 ,287.712
0.00050039 ,320.2496
0.0006574 ,420.73600000000005
6.00367413e-05 ,38.423514432000005
0.00010649 ,68.1536
2.98508617e-05 ,19.104551488000002
0.00016992 ,108.74879999999999
0.00041138 ,263.28319999999997
0.00026471 ,169.4144
3.53812396e-05 ,22.643993344000002
0.00048155 ,308.192
0.00043113 ,275.9232
0.00014402 ,92.1728
0.0006126 ,392.064
7.59017499e-05 ,48.577119935999995
0.00056571 ,362.0544
0.00068812 ,440.3968
0.00033098 ,211.8272
0.00052871 ,338.37440000000004
0.00028284 ,181.01760000000002
0.00050247 ,321.58079999999995
2.19175609e-05 ,14.027238976
0.00012889 ,82.4896
0.00037984 ,243.0976
0.00032163 ,205.84319999999997
0.00075443 ,482.83520000000004
0.00022437 ,143.5968
0.00050094 ,320.60159999999996
0.00056893 ,364.1152
4.13594902e-05 ,26.470073728000003
4.71237821e-05 ,30.159220544
0.00018938 ,121.2032
0.00045651 ,292.16639999999995
0.00063039 ,403.44960000000003
0.00011024 ,70.5536
0.00014223 ,91.0272
0.00045416 ,290.6624
0.00014279 ,91.3856
0.00049886 ,319.2704
0.00075712 ,484.5568
0.000715 ,457.6
0.00013611 ,87.1104
0.00055336 ,354.15040000000005
9.46354776e-05 ,60.566705664000004
0.00069277 ,443.3728
0.00049976 ,319.8464
0.0006989 ,447.296
0.00053019 ,339.32160000000005
0.00046975 ,300.64
0.00076239 ,487.9296
5.82614197e-05 ,37.287308608
3.82670808e-05 ,24.490931712000005
0.00036214 ,231.76960000000003
0.00047594 ,304.60159999999996
0.00065892 ,421.70880000000005
0.00065603 ,419.8592
0.00021291 ,136.26239999999999
8.83932806e-05 ,56.571699584
0.00045373 ,290.3872
0.00069363 ,443.92319999999995
0.00063007 ,403.2448
0.00034191 ,218.8224
0.00033652 ,215.37279999999998
9.32950578e-05 ,59.708836992
0.00045531 ,291.3984
0.00034017 ,217.7088
0.00016481 ,105.4784
0.00020982 ,134.28480000000002
0.00032142 ,205.7088
0.00075343 ,482.1952
0.00042273 ,270.5472
0.00034755 ,222.43200000000002
0.00048002 ,307.2128
0.00048682 ,311.5648
0.00054938 ,351.6032
0.00074257 ,475.24480000000005
0.00071936 ,460.3904
0.00032875 ,210.39999999999998
0.00014272 ,91.34079999999999
0.00043349 ,277.4336
0.00063719 ,407.8016
0.0001655 ,105.92
0.00034094 ,218.2016
0.00064368 ,411.9552
0.00027227 ,174.2528
0.00045337 ,290.1568
0.00041459 ,265.3376
0.00070163 ,449.04319999999996
0.00026912 ,172.23680000000002
0.00029805 ,190.75199999999998
0.00025574 ,163.67360000000002
0.00033522 ,214.54080000000002
0.00055096 ,352.6144
5.32966351e-06 ,3.4109846463999998
0.0003464 ,221.69600000000003
6.42296465e-05 ,41.10697376
5.46228116e-05 ,34.958599424
0.00019245 ,123.16799999999999
3.3042427e-05 ,21.147153279999998
0.00062239 ,398.3296
0.00053095 ,339.80799999999994
0.00062344 ,399.0016
0.00030651 ,196.1664
0.00053816 ,344.4224
0.00072322 ,462.8608
0.00014602 ,93.4528
0.00076021 ,486.53439999999995
0.00052657 ,337.0048
5.56601369e-05 ,35.622487616
0.00066079 ,422.9056
0.00030947 ,198.06080000000003
4.73860334e-05 ,30.327061376
2.35435285e-05 ,15.06785824
0.00049432 ,316.3648
0.00034291 ,219.4624
0.00023129 ,148.0256
0.00067806 ,433.9584
0.00054807 ,350.76480000000004
0.00058968 ,377.3952
0.00067469 ,431.8016
0.0001248 ,79.872
0.00075011 ,480.07040000000006
0.00048474 ,310.2336
0.00036519 ,233.72160000000002
0.00034195 ,218.84799999999998
0.00037097 ,237.42079999999999
0.00039369 ,251.96159999999998
0.00036015 ,230.496
0.00038412 ,245.8368
0.00022311 ,142.7904
0.00076543 ,489.87519999999995
0.00064183 ,410.7712
0.0001194 ,76.416
0.00016787 ,107.43679999999999
0.00055125 ,352.8
0.0004617 ,295.488
0.00024297 ,155.50080000000003
1.75022529e-05 ,11.201441856
0.00046792 ,299.4688
0.00036079 ,230.9056
8.48645833e-05 ,54.313333312
9.83325271e-05 ,62.93281734400001
0.00076168 ,487.47520000000003
0.00037013 ,236.8832
0.00075175 ,481.12
0.00075005 ,480.032
0.00063728 ,407.85920000000004
0.00034742 ,222.34879999999998
0.0004497 ,287.808
0.00043126 ,276.0064
0.00035933 ,229.97119999999998
0.00029252 ,187.21280000000002
0.00015596 ,99.81439999999999
0.00069222 ,443.0208
0.00069838 ,446.96320000000003
0.00039813 ,254.8032
0.00071217 ,455.78880000000004
0.0001706 ,109.184
0.00019155 ,122.592
0.00076812 ,491.5967999999999
0.00037479 ,239.8656
0.00033237 ,212.7168
0.00069939 ,447.60960000000006
6.76627514e-05 ,43.304160896
0.00063446 ,406.0544
0.00020603 ,131.8592
0.00059573 ,381.26720000000006
0.00019415 ,124.256
0.00048773 ,312.1472
0.00071416 ,457.0624
0.00035436 ,226.7904
0.0002772 ,177.40800000000002
0.00053624 ,343.19360000000006
8.87743953e-05 ,56.815612992
0.0006628 ,424.19199999999995
0.00022037 ,141.0368
0.0003708 ,237.312
0.00017565 ,112.416
0.00031343 ,200.59519999999998
0.00058519 ,374.5216
0.00012491 ,79.94239999999999
0.00073512 ,470.4768
0.00018252 ,116.81280000000001
0.00025344 ,162.20159999999998
0.00066006 ,422.4384
0.00054497 ,348.7808
0.00055266 ,353.70239999999995
0.00011643 ,74.5152
0.00057094 ,365.40160000000003
0.00073018 ,467.31519999999995
0.00075576 ,483.6864
0.0007732 ,494.848
0.00031365 ,200.736
0.00042541 ,272.26239999999996
0.00054531 ,348.99840000000006
0.00045197 ,289.2608
0.00056789 ,363.44960000000003
0.00039272 ,251.3408
0.00042721 ,273.4144
0.00019278 ,123.3792
0.00039188 ,250.8032
0.00012869 ,82.3616
4.36891243e-05 ,27.961039552
0.00048679 ,311.5456
0.00070878 ,453.6192
0.00023465 ,150.17600000000002
0.00068989 ,441.5296
3.63119391e-05 ,23.239641023999997
0.00038849 ,248.6336
0.00024506 ,156.8384
0.00045722 ,292.62080000000003
0.0004312 ,275.968
4.1918114e-05 ,26.82759296
0.00044016 ,281.7024
0.0007667 ,490.68800000000005
0.00016157 ,103.40480000000001
0.00036647 ,234.5408
0.00039872 ,255.18079999999998
0.00073212 ,468.5568
0.00024538 ,157.0432
0.00055437 ,354.7968
0.00067197 ,430.06080000000003
0.00063918 ,409.07520000000005
0.00060906 ,389.7984
5.60547958e-06 ,3.5875069312
0.0003812 ,243.968
0.00060761 ,388.8704
0.00076657 ,490.60479999999995
6.05282287e-05 ,38.738066368
0.00073995 ,473.568
3.22110746e-05 ,20.615087744
0.00014341 ,91.78240000000001
0.00033311 ,213.1904
7.87336724e-05 ,50.389550336
5.62100576e-05 ,35.974436864
0.00075494 ,483.16159999999996
0.00073966 ,473.38239999999996
6.57334368e-05 ,42.06939955199999
0.00034263 ,219.2832
0.00051303 ,328.3392
0.00052067 ,333.2288
0.00034852 ,223.0528
0.00055412 ,354.6368
0.00025873 ,165.58719999999997
0.00063986 ,409.5104
0.00059724 ,382.2336
0.00039435 ,252.38400000000001
6.66078685e-05 ,42.62903584
0.00031859 ,203.89759999999998
0.00077157 ,493.8048
0.00051108 ,327.09119999999996
3.55665952e-05 ,22.762620928
0.00059107 ,378.2848
0.00016431 ,105.1584
7.47659884e-05 ,47.850232575999996
0.00056633 ,362.4512
0.0002067 ,132.288
0.00039394 ,252.1216
0.0001818 ,116.35199999999999
0.00025732 ,164.6848
0.00029212 ,186.9568
0.0002277 ,145.728
0.00038853 ,248.6592
0.00065532 ,419.4048
5.83801818e-05 ,37.363316352
0.00069497 ,444.78080000000006
0.00077828 ,498.0992
0.00064158 ,410.61120000000005
0.00055189 ,353.2096
0.00025299 ,161.9136
0.0004174 ,267.13599999999997
1.7089423e-05 ,10.937230719999999
1.89504469e-05 ,12.128286016
0.00030068 ,192.4352
0.00036178 ,231.53920000000002
0.00038915 ,249.05599999999998
0.00072579 ,464.5056
0.00070855 ,453.4719999999999
0.00035767 ,228.90879999999999
0.00049821 ,318.85440000000006
0.00059541 ,381.0624
0.0002205 ,141.12
0.00071667 ,458.66880000000003
9.6301361e-05 ,61.63287104
0.00059803 ,382.73920000000004
0.00073858 ,472.6912
0.00010091 ,64.5824
0.00038423 ,245.90720000000002
0.00035053 ,224.3392
0.0004298 ,275.072
0.00026158 ,167.4112
0.00047293 ,302.67519999999996
5.19717338e-05 ,33.261909632
0.00031861 ,203.9104
0.00072532 ,464.2048
0.00025579 ,163.70559999999998
0.00065949 ,422.0736
0.00034093 ,218.19519999999997
0.00070356 ,450.2784
0.00012167 ,77.8688
5.08890118e-05 ,32.568967552000004
0.00020303 ,129.9392
0.0004691 ,300.224
0.00038526 ,246.5664
0.00013786 ,88.2304
0.00037962 ,242.95680000000002
0.0002157 ,138.048
0.00029019 ,185.7216
0.00046864 ,299.9296
0.00069976 ,447.8464
0.00051606 ,330.27840000000003
5.13079177e-05 ,32.837067327999996
0.00019643 ,125.7152
0.00051753 ,331.21919999999994
0.00037896 ,242.5344
6.98399303e-05 ,44.697555392000005
0.00030655 ,196.192
0.00014759 ,94.4576
0.00010298 ,65.9072
0.00034967 ,223.78879999999998
0.0003928 ,251.392
0.0006901 ,441.66400000000004
0.00028346 ,181.41440000000003
0.0004865 ,311.36
0.0001329 ,85.05600000000001
0.00050546 ,323.49440000000004
0.00021589 ,138.1696
0.00019561 ,125.19040000000001
0.00059049 ,377.91360000000003
7.44703243e-05 ,47.661007552
0.00077011 ,492.87039999999996
0.00066858 ,427.89119999999997
0.00059239 ,379.12960000000004
0.00010563 ,67.6032
0.00057299 ,366.7136
8.97597566e-05 ,57.446244224
0.00027061 ,173.1904
0.0005805 ,371.52
0.00040648 ,260.1472
0.00058869 ,376.76160000000004
0.00072992 ,467.1488
0.00049587 ,317.3568
0.00012309 ,78.77759999999999
0.00036872 ,235.9808
0.00010873 ,69.5872
0.00017652 ,112.9728
0.00051732 ,331.0848
0.0004013 ,256.832
0.00021848 ,139.8272
0.00060875 ,389.6
0.00033163 ,212.24320000000003
0.00076543 ,489.87519999999995
0.00016986 ,108.7104
0.00061242 ,391.94880000000006
0.00044229 ,283.0656
0.00020897 ,133.74079999999998
1.17986361e-05 ,7.551127103999999
2.80341966e-05 ,17.941885824
0.0004302 ,275.328
0.00035471 ,227.01439999999997
0.00028928 ,185.1392
0.00058773 ,376.1472
0.00062949 ,402.8736
0.00024682 ,157.96480000000003
0.00044747 ,286.38079999999997
0.00060328 ,386.0992
3.31227391e-05 ,21.198553024
0.00052741 ,337.54239999999993
0.00053342 ,341.3888
6.80666246e-06 ,4.3562639744
0.00075599 ,483.83360000000005
0.00020445 ,130.848
0.00017413 ,111.44319999999999
0.00074861 ,479.1104
3.57057973e-05 ,22.851710272000002
0.00040692 ,260.4288
0.00017643 ,112.91519999999998
0.0006804 ,435.456
0.0003072 ,196.60799999999998
0.00030426 ,194.72639999999998
0.00070867 ,453.5488
0.00048011 ,307.2704
0.00012272 ,78.54079999999999
9.6939036e-05 ,62.04098304
0.00052083 ,333.3312
0.00071435 ,457.184
6.77366311e-05 ,43.351443904
0.00037151 ,237.7664
0.00037494 ,239.9616
1.29191824e-06 ,0.8268276736
0.00052566 ,336.4223999999999
0.00065109 ,416.69759999999997
0.00076533 ,489.81120000000004
0.00058559 ,374.77759999999995
0.00019517 ,124.90879999999999
0.0005256 ,336.38399999999996
0.00046875 ,300.0
0.00049803 ,318.7392
0.0007578 ,484.992
0.00068473 ,438.22720000000004
0.00054629 ,349.62559999999996
0.00016704 ,106.90559999999999
0.00046179 ,295.54560000000004
0.00030742 ,196.7488
0.00049571 ,317.2544
0.00075099 ,480.6336
0.00020598 ,131.8272
0.00050315 ,322.01599999999996
0.0007094 ,454.016
4.385304e-05 ,28.0659456
0.00062527 ,400.1728
0.00021118 ,135.1552
0.00016299 ,104.31360000000001
0.00046269 ,296.1216
0.00063532 ,406.6048
0.0007262 ,464.768
0.00068067 ,435.6288
0.00073182 ,468.3648
0.0003627 ,232.128
0.00065998 ,422.3872
0.0002663 ,170.43200000000002
0.00018783 ,120.21119999999999
0.00012476 ,79.8464
0.00070938 ,454.0032
0.00035955 ,230.112
0.00050453 ,322.8992
0.00018184 ,116.3776
0.00011345 ,72.608
0.00041526 ,265.7664
0.00074423 ,476.3072
0.00032938 ,210.8032
0.0003156 ,201.98399999999998
0.00073339 ,469.3696
4.05059889e-05 ,25.923832896
2.27727329e-05 ,14.574549055999999
2.19405218e-05 ,14.041933952
6.07976406e-05 ,38.910489984
0.00015861 ,101.5104
0.00030604 ,195.86559999999997
0.00075097 ,480.62080000000003
0.00018454 ,118.10559999999998
0.00042317 ,270.8288
0.00030646 ,196.1344
0.00020388 ,130.4832
0.00065211 ,417.3504
0.00060014 ,384.0896
0.00056404 ,360.9856
0.00056736 ,363.1104
0.00047565 ,304.416
3.71611047e-06 ,2.3783107007999997
2.39318332e-05 ,15.316373248
0.00042524 ,272.1536
0.00025478 ,163.0592
0.00022333 ,142.9312
0.00043566 ,278.8224
0.00075104 ,480.66560000000004
0.00023218 ,148.5952
0.00059464 ,380.56960000000004
0.00023607 ,151.0848
0.00018549 ,118.71359999999999
0.00033473 ,214.22719999999998
0.00077521 ,496.1344
0.00041421 ,265.09439999999995
0.0006853 ,438.592
0.0004461 ,285.504
0.00023129 ,148.0256
0.00055065 ,352.416
0.00044725 ,286.24
0.0002652 ,169.728
0.00027905 ,178.59199999999998
6.31958009e-05 ,40.445312576
0.00038023 ,243.34720000000002
0.00022618 ,144.7552
0.00061066 ,390.8224
0.00013597 ,87.02079999999998
9.61436615e-05 ,61.53194336
0.00041166 ,263.4624
0.0004057 ,259.648
0.00044769 ,286.5216
0.00065178 ,417.1392
0.00046769 ,299.3216
8.68816162e-05 ,55.604234368
0.00053859 ,344.6976
0.00052242 ,334.3488
9.58860732e-05 ,61.367086848
0.00014691 ,94.02239999999999
2.26706984e-05 ,14.509246976
0.00056632 ,362.44480000000004
0.00070864 ,453.52959999999996
0.00040559 ,259.5776
0.00011843 ,75.79520000000001
0.00039186 ,250.79039999999998
0.00011133 ,71.25120000000001
0.00028283 ,181.01119999999997
0.00043148 ,276.1472
0.00070724 ,452.63360000000006
0.00049165 ,314.656
0.00012984 ,83.09759999999999
0.00048975 ,313.44
0.0005449 ,348.736
0.00052751 ,337.6064
3.27791372e-05 ,20.978647807999998
2.55235887e-05 ,16.335096768
0.00019687 ,125.99680000000001
0.00068824 ,440.4736
0.00048404 ,309.7856
0.00010533 ,67.4112
0.00044106 ,282.27840000000003
1.65119033e-06 ,1.0567618112000001
0.00058806 ,376.35839999999996
0.00065076 ,416.4864
0.00073384 ,469.6576
0.00027135 ,173.66400000000002
0.00058527 ,374.57280000000003
9.03300131e-05 ,57.811208384000004
0.00058945 ,377.24800000000005
0.00060466 ,386.9824
0.00077745 ,497.568
0.00023636 ,151.2704
0.00052054 ,333.1456
0.00028533 ,182.6112
0.0004716 ,301.824
0.00070034 ,448.21760000000006
0.00073459 ,470.1376
0.0003187 ,203.968
0.00077398 ,495.3472
0.00036219 ,231.80159999999998
0.00077323 ,494.86719999999997
0.00052951 ,338.8864
0.00043442 ,278.0288
0.0004315 ,276.16
0.00018265 ,116.896
0.00060119 ,384.7616
6.43311133e-05 ,41.171912512000006
0.00070096 ,448.61440000000005
0.00034675 ,221.92000000000002
0.00042332 ,270.9248
0.00036479 ,233.4656
0.00059921 ,383.49440000000004
5.7551814e-05 ,36.83316096
0.00044654 ,285.7856
0.00051426 ,329.12640000000005
0.00068782 ,440.2048
0.00072669 ,465.0816
0.00014008 ,89.6512
2.30086649e-05 ,14.725545536000002
0.0006572 ,420.608
0.00025182 ,161.16479999999999
0.00059112 ,378.3168
0.00048507 ,310.4448
0.00064276 ,411.3664
0.00028224 ,180.6336
0.00060297 ,385.9008
0.00020723 ,132.6272
5.8631825e-05 ,37.524367999999996
3.29625613e-05 ,21.096039232000003
0.00048719 ,311.80159999999995
7.53027738e-05 ,48.193775232
7.77782025e-05 ,49.7780496
0.00049101 ,314.2464
0.00031743 ,203.15519999999998
0.00048103 ,307.8592
0.00020616 ,131.9424
0.00036811 ,235.5904
0.00077319 ,494.8416
0.00052172 ,333.90080000000006
6.2294556e-06 ,3.986851584
0.00064696 ,414.0544
0.00075022 ,480.1408
0.00070941 ,454.02240000000006
0.00045384 ,290.4576
0.00026224 ,167.83360000000002
0.0001538 ,98.43199999999999
0.00028573 ,182.8672
3.52326714e-05 ,22.548909696
0.00041952 ,268.4928
0.00039606 ,253.47840000000002
0.00010534 ,67.41760000000001
0.00029522 ,188.9408
0.00020645 ,132.128
0.00058382 ,373.64480000000003
3.1194343e-05 ,19.96437952
0.00057871 ,370.3744
0.00045608 ,291.89119999999997
0.00069341 ,443.7824
0.00030201 ,193.28640000000001
0.00024667 ,157.8688
0.00045322 ,290.06080000000003
0.0006633 ,424.512
0.00018928 ,121.1392
0.00043011 ,275.2704
9.97247036e-05 ,63.82381030399999
0.00013023 ,83.34720000000002
0.00066212 ,423.75679999999994
0.00018005 ,115.23200000000001
0.00023947 ,153.26080000000002
0.00018844 ,120.60159999999999
4.46713039e-05 ,28.589634496000002
0.00063315 ,405.216
0.00013217 ,84.5888
0.00019485 ,124.704
0.00024497 ,156.7808
0.00023616 ,151.14239999999998
1.87178005e-05 ,11.979392319999999
0.00054873 ,351.18719999999996
0.00015655 ,100.19200000000001
0.00057199 ,366.0736
0.00028654 ,183.3856
5.93820164e-05 ,38.004490496
0.00045579 ,291.7056
0.00042907 ,274.6048
5.50008519e-05 ,35.200545216
6.51523467e-05 ,41.697501888000005
0.00027123 ,173.58720000000002
0.00063588 ,406.96320000000003
0.00031097 ,199.02079999999998
0.00057777 ,369.7728
0.00024184 ,154.7776
0.00018124 ,115.99359999999999
0.00046788 ,299.4432
0.00022745 ,145.56799999999998
0.00027996 ,179.1744
0.00039088 ,250.16320000000002
0.00038823 ,248.4672
0.00022464 ,143.7696
5.45569428e-06 ,3.4916443391999996
3.01370385e-05 ,19.28770464
0.0003596 ,230.144
0.00022093 ,141.3952
0.00044071 ,282.0544
0.00023019 ,147.3216
0.00015267 ,97.7088
0.00038962 ,249.35680000000002
0.00075024 ,480.1536
0.00063453 ,406.0992
6.93415752e-05 ,44.378608128
0.00015916 ,101.8624
0.00026457 ,169.32479999999998
0.00055212 ,353.3568
0.00042115 ,269.536
0.00039536 ,253.0304
0.00057343 ,366.9952
0.00028519 ,182.5216
7.38868346e-05 ,47.287574144
0.00059617 ,381.5488
1.98454894e-05 ,12.701113216000001
0.00018646 ,119.33439999999999
0.0007619 ,487.616
0.00040715 ,260.576
3.21204835e-05 ,20.557109439999998
0.00066048 ,422.70719999999994
0.00063794 ,408.2816
0.00027286 ,174.6304
0.00015847 ,101.4208
0.0005003 ,320.192
8.22245907e-05 ,52.623738048
0.00056589 ,362.1696
0.00024814 ,158.8096
0.00043606 ,279.0784
0.00059838 ,382.96320000000003
0.00017801 ,113.9264
0.00050661 ,324.23040000000003
0.00017651 ,112.9664
0.00021424 ,137.11360000000002
0.0001042 ,66.688
0.00053103 ,339.8592
0.00074004 ,473.62559999999996
0.00063588 ,406.96320000000003
0.00070976 ,454.24640000000005
0.00075696 ,484.45439999999996
1.73807568e-05 ,11.123684352000001
0.00016761 ,107.27040000000001
0.00069652 ,445.77279999999996
0.0007436 ,475.90399999999994
0.00022941 ,146.8224
7.41268961e-05 ,47.441213504000004
0.00051618 ,330.35519999999997
0.00038454 ,246.10559999999998
0.00044403 ,284.1792
0.00052806 ,337.9584
0.00020011 ,128.0704
0.00059159 ,378.61760000000004
0.00047867 ,306.3488
0.00029102 ,186.2528
0.00056304 ,360.3456
0.00054274 ,347.35360000000003
0.00062221 ,398.2144
0.00031826 ,203.6864
0.00039408 ,252.2112
0.00032678 ,209.13919999999996
0.00050248 ,321.58720000000005
0.00048146 ,308.1344
0.0001069 ,68.416
0.00028378 ,181.61920000000003
0.0002221 ,142.144
0.0003018 ,193.15200000000002
0.00049831 ,318.91839999999996
0.00018767 ,120.1088
0.00066039 ,422.64959999999996
0.00043978 ,281.4592
0.00067368 ,431.1552
0.00067921 ,434.6944
0.0006692 ,428.288
0.00036652 ,234.5728
0.00073036 ,467.4304
0.0002349 ,150.336
0.00019822 ,126.86080000000001
0.00020697 ,132.4608
0.00011873 ,75.9872
0.00052987 ,339.11679999999996
0.0007009 ,448.57599999999996
0.00011388 ,72.8832
0.00036187 ,231.59679999999997
0.00035935 ,229.984
0.00030047 ,192.3008
0.00031779 ,203.38559999999998
0.00045475 ,291.04
0.00065762 ,420.8768
5.34698383e-05 ,34.220696512
0.00047471 ,303.8144
0.00074582 ,477.32480000000004
0.00019015 ,121.696
0.0001459 ,93.376
0.00066524 ,425.75359999999995
0.0005632 ,360.44800000000004
0.00038704 ,247.7056
0.00052076 ,333.2864
0.0005522 ,353.408
0.00037806 ,241.9584
0.0004293 ,274.752
0.00030326 ,194.08640000000003
0.00044458 ,284.5312
0.00044565 ,285.216
0.0003393 ,217.152
0.0002602 ,166.528
0.00032615 ,208.736
0.00017389 ,111.28960000000001
3.00108088e-05 ,19.206917632
6.9629559e-05 ,44.56291776
0.00066005 ,422.432
0.0003204 ,205.05599999999998
0.00055391 ,354.5024
0.00038603 ,247.05919999999998
0.00033916 ,217.06240000000003
0.00010612 ,67.9168
0.00061139 ,391.2896
0.00074102 ,474.2528
0.00055958 ,358.1312
8.80985642e-06 ,5.6383081087999996
0.00020664 ,132.2496
0.00027459 ,175.7376
3.9238662e-05 ,25.112743679999994
0.00058287 ,373.03679999999997
6.39882795e-05 ,40.95249888000001
0.00044231 ,283.07840000000004
0.00054058 ,345.97120000000007
0.00044738 ,286.3232
0.00071561 ,457.99039999999997
0.00014075 ,90.08000000000001
0.00048539 ,310.64959999999996
0.0001586 ,101.50400000000002
0.00057231 ,366.2784
0.00042152 ,269.7728
0.00030072 ,192.4608
8.06293723e-05 ,51.602798272
0.00023223 ,148.6272
0.00056444 ,361.24160000000006
0.00067397 ,431.34079999999994
0.00054631 ,349.63840000000005
0.00053709 ,343.73760000000004
9.65167581e-05 ,61.77072518399999
0.00039825 ,254.88
0.00052449 ,335.6736
0.00066905 ,428.192
0.0005097 ,326.20799999999997
0.00057967 ,370.9888
0.00065061 ,416.3904
0.00016002 ,102.4128
0.00065981 ,422.27840000000003
0.00057397 ,367.34080000000006
0.00017299 ,110.7136
0.000661 ,423.04
0.00022038 ,141.04319999999998
1.95072794e-05 ,12.484658816
0.00029088 ,186.1632
0.00028154 ,180.18560000000002
0.00070159 ,449.01759999999996
0.00029183 ,186.7712
0.00014379 ,92.0256
0.00060925 ,389.91999999999996
0.00076308 ,488.3712
0.00075936 ,485.9904
8.02640035e-05 ,51.36896224
8.55506693e-05 ,54.752428352
0.00067795 ,433.888
0.00058713 ,375.76320000000004
0.00063271 ,404.9344
0.00035658 ,228.21120000000002
0.00042606 ,272.6784
0.00032503 ,208.0192
9.63951622e-05 ,61.692903808
0.00074936 ,479.59040000000005
5.93878074e-05 ,38.008196736
0.00035051 ,224.32639999999998
0.00035589 ,227.7696
0.00068228 ,436.6592
0.00069359 ,443.8976
0.00024702 ,158.09279999999998
0.00051777 ,331.3728
0.00026705 ,170.912
0.00067207 ,430.12479999999994
0.0002526 ,161.664
0.00074362 ,475.91679999999997
0.00017306 ,110.7584
0.00019468 ,124.59519999999999
0.00036611 ,234.3104
0.00027971 ,179.01440000000002
0.00027366 ,175.1424
0.00029572 ,189.26080000000002
0.00074139 ,474.4896
0.00023756 ,152.0384
0.00026321 ,168.4544
0.00022093 ,141.3952
0.00012066 ,77.22240000000001
0.00067196 ,430.0544
2.40714233e-05 ,15.405710912
0.00055804 ,357.1456
0.00064415 ,412.256
0.00015344 ,98.2016
0.00030369 ,194.3616
0.00027451 ,175.6864
0.00055158 ,353.0112
0.00040796 ,261.0944
0.00052851 ,338.2464
0.00068331 ,437.3184
0.00039242 ,251.1488
0.00076072 ,486.8608
0.00024165 ,154.656
0.00044478 ,284.65919999999994
0.00032225 ,206.23999999999998
0.00071769 ,459.3216
0.00047871 ,306.3744
0.00045105 ,288.672
0.00065594 ,419.80160000000006
0.00046049 ,294.7136
0.00063649 ,407.35360000000003
0.00019538 ,125.0432
0.00036969 ,236.60160000000002
0.00026899 ,172.1536
0.00061654 ,394.5856
0.0003297 ,211.00799999999998
0.000691 ,442.23999999999995
0.0002199 ,140.73600000000002
0.00035693 ,228.43519999999998
2.47165662e-05 ,15.818602368
0.00035714 ,228.5696
0.00064518 ,412.91519999999997
0.00036536 ,233.8304
0.00047844 ,306.20160000000004
9.64843397e-05 ,61.74997740800001
0.00049737 ,318.3168
0.00077665 ,497.05600000000004
0.00054437 ,348.3968
0.00036223 ,231.8272
0.00045444 ,290.8416
0.00051513 ,329.68320000000006
0.00061964 ,396.5696
0.00069093 ,442.19519999999994
8.09358227e-05 ,51.798926527999996
0.00021935 ,140.384
0.00070283 ,449.8112
6.00577726e-05 ,38.436974463999995
0.00033048 ,211.5072
0.00072069 ,461.24159999999995
0.0006851 ,438.46400000000006
0.00047405 ,303.392
0.00045214 ,289.36960000000005
0.00033659 ,215.4176
0.0005197 ,332.60800000000006
0.00019153 ,122.5792
0.00019879 ,127.22560000000001
4.19036471e-05 ,26.818334144
0.000308 ,197.12
0.00044088 ,282.1632
0.00048367 ,309.54879999999997
0.00016213 ,103.7632
0.00076763 ,491.2832
0.00010009 ,64.0576
0.00075952 ,486.0928
0.00065022 ,416.1408
0.00027281 ,174.5984
0.00048301 ,309.12640000000005
0.00011015 ,70.496
0.00066912 ,428.2368
0.00044083 ,282.1312
0.0003087 ,197.568
0.00060775 ,388.96000000000004
0.00065859 ,421.49760000000003
7.04128649e-05 ,45.064233535999996
0.00019837 ,126.95680000000002
0.00070894 ,453.7216
8.03661731e-05 ,51.434350784
0.00047104 ,301.4656
0.00039279 ,251.3856
0.0002827 ,180.928
0.00031862 ,203.91679999999997
0.00069879 ,447.2256
0.00064145 ,410.52799999999996
0.0002187 ,139.96800000000002
0.00057807 ,369.96479999999997
0.00052278 ,334.5792
0.00054801 ,350.7264
5.89601699e-05 ,37.734508735999995
0.00022052 ,141.1328
0.00059681 ,381.95840000000004
0.00053587 ,342.95680000000004
0.00072381 ,463.23839999999996
0.00065305 ,417.95199999999994
6.68440257e-07 ,0.42780176447999996
0.00014027 ,89.7728
0.00021496 ,137.5744
0.00030404 ,194.5856
0.00054309 ,347.57759999999996
0.00044671 ,285.8944
0.00026796 ,171.49439999999998
0.00011738 ,75.1232
0.00065853 ,421.4592
0.00044303 ,283.53920000000005
0.00072679 ,465.14560000000006
8.13306371e-05 ,52.051607744
0.0007151 ,457.664
0.00048922 ,313.10079999999994
0.00042878 ,274.41920000000005
0.00047568 ,304.4352
0.00051661 ,330.6304
0.00050411 ,322.63039999999995
0.00043393 ,277.71520000000004
0.00037697 ,241.26080000000002
0.00030614 ,195.9296
0.00051951 ,332.4864
0.00024275 ,155.35999999999999
6.34216005e-05 ,40.58982432
2.21313105e-05 ,14.16403872
0.00052596 ,336.6144
8.53818659e-05 ,54.644394176000006
0.00057319 ,366.84159999999997
0.00047922 ,306.70079999999996
0.00047915 ,306.656
0.00071249 ,455.99359999999996
3.05858927e-05 ,19.574971328
0.00067092 ,429.38879999999995
0.00056246 ,359.97439999999995
0.0003395 ,217.28000000000003
0.00065425 ,418.72
0.00022357 ,143.0848
7.3641364e-05 ,47.13047296
0.00055217 ,353.38880000000006
0.00040872 ,261.5808
0.00031032 ,198.60479999999998
0.000364 ,232.95999999999998
0.00056123 ,359.1872
0.00071751 ,459.2064
0.00058197 ,372.4608
0.00021954 ,140.50560000000002
0.00074767 ,478.50879999999995
7.30585034e-06 ,4.6757442176
0.00049717 ,318.1888
0.00030582 ,195.7248
0.00026691 ,170.8224
0.00018355 ,117.472
0.0005669 ,362.816
0.00029466 ,188.58239999999998
0.0001723 ,110.27199999999999
0.00014367 ,91.9488
0.00010234 ,65.4976
0.00059687 ,381.9968
0.00066277 ,424.17280000000005
0.00033895 ,216.92800000000003
0.00031289 ,200.2496
0.00058096 ,371.81440000000003
0.00069654 ,445.78560000000004
0.00060662 ,388.23679999999996
0.00030552 ,195.5328
4.13280597e-05 ,26.449958207999998
0.00075749 ,484.79359999999997
0.00025597 ,163.82080000000002
0.00061731 ,395.0784
0.00035498 ,227.18720000000002
3.3279167e-05 ,21.29866688
0.00030721 ,196.6144
0.00050452 ,322.89279999999997
0.00039494 ,252.7616
0.00015086 ,96.5504
0.00075491 ,483.14239999999995
0.00039447 ,252.4608
0.00042848 ,274.22720000000004
0.00076073 ,486.8672
0.0005654 ,361.856
0.00019235 ,123.10400000000001
8.70556339e-05 ,55.715605696
0.00073414 ,469.8496
0.00053218 ,340.5952000000001
0.00055263 ,353.68320000000006
0.00016534 ,105.81760000000001
3.5301233e-05 ,22.592789119999996
0.00029121 ,186.3744
0.00025032 ,160.20479999999998
2.26599777e-05 ,14.502385728
0.00032506 ,208.03840000000002
0.00010813 ,69.2032
0.00030708 ,196.5312
0.00042244 ,270.3616
0.00056021 ,358.5344
0.00052165 ,333.85600000000005
0.00057532 ,368.20480000000003
0.00012119 ,77.5616
0.00041974 ,268.6336
0.00065198 ,417.2672
0.00060717 ,388.5888
0.00064259 ,411.2576
0.00039725 ,254.24
0.00053238 ,340.7232
0.0006188 ,396.03200000000004
0.00030593 ,195.7952
0.00042948 ,274.86719999999997
0.00013042 ,83.46879999999999
0.00062744 ,401.5616
0.0003607 ,230.84799999999998
0.000214 ,136.96
0.00010487 ,67.1168
0.0005589 ,357.69599999999997
3.53060193e-06 ,2.2595852352000003
3.99508955e-05 ,25.56857312
0.00077551 ,496.32640000000004
2.76521492e-05 ,17.697375488
0.00072923 ,466.70719999999994
0.00021401 ,136.9664
0.00012803 ,81.9392
1.44084513e-05 ,9.221408832
0.00021897 ,140.1408
0.00017284 ,110.6176
0.00062661 ,401.0304
0.00035438 ,226.8032
0.00046469 ,297.40160000000003
0.00023597 ,151.0208
0.00054609 ,349.49760000000003
0.00037932 ,242.76479999999998
0.00056541 ,361.8624
0.00014058 ,89.97120000000001
0.00039639 ,253.68959999999998
0.00065482 ,419.0848
0.0006876 ,440.06399999999996
0.00011137 ,71.2768
0.00033592 ,214.9888
0.00051296 ,328.2944
0.00074607 ,477.4848
0.00040246 ,257.57439999999997
0.00066399 ,424.95360000000005
0.00033616 ,215.1424
0.00030952 ,198.09279999999998
0.00024169 ,154.6816
0.00068901 ,440.9664
0.00076199 ,487.6736
0.00076674 ,490.7136
0.00072221 ,462.2144
0.00050976 ,326.24640000000005
0.00048512 ,310.4768
0.00024829 ,158.9056
0.000216 ,138.24
0.00077943 ,498.8352
0.00039413 ,252.24320000000003
0.00069088 ,442.1632
0.00024235 ,155.104
0.00073974 ,473.43360000000007
0.00029525 ,188.96
0.00038005 ,243.232
0.00033958 ,217.33120000000002
0.00043879 ,280.8256
0.00053257 ,340.84479999999996
0.00068338 ,437.3632
0.00070036 ,448.2304
4.9219257e-05 ,31.500324480000003
0.0002869 ,183.61599999999999
0.0001248 ,79.872
0.000644 ,412.16
0.00073499 ,470.3936
0.00061031 ,390.5984
0.000123 ,78.72000000000001
3.58485178e-05 ,22.943051392
0.00052695 ,337.24800000000005
9.01114394e-06 ,5.7671321216
0.00075946 ,486.0544
0.00036315 ,232.41600000000003
0.00056695 ,362.84799999999996
0.00058413 ,373.84319999999997
3.74460644e-05 ,23.965481216
0.00029695 ,190.048
0.00011394 ,72.9216
3.80636914e-05 ,24.360762496
0.00074686 ,477.99039999999997
0.00017968 ,114.99519999999998
1.59536016e-05 ,10.210305024000002
0.0001358 ,86.912
4.23241499e-06 ,2.7087455936
0.00048719 ,311.80159999999995
0.00052058 ,333.17119999999994
6.12016776e-05 ,39.169073663999995
0.00011336 ,72.5504
0.00025503 ,163.2192
0.00018906 ,120.9984
0.00068041 ,435.4624
0.00072446 ,463.6544
0.00066032 ,422.6048
0.00043639 ,279.2896
0.00052519 ,336.12160000000006
0.00060283 ,385.81120000000004
4.86367957e-05 ,31.127549248000005
0.00011709 ,74.9376
9.76201659e-05 ,62.476906176
0.00078031 ,499.3984
2.50586207e-05 ,16.037517248
0.00015265 ,97.696
0.00021851 ,139.8464
0.00042772 ,273.7408
6.95482305e-05 ,44.510867520000005
0.00074042 ,473.86879999999996
0.00072354 ,463.06559999999996
0.00025372 ,162.3808
0.00038779 ,248.18560000000002
0.00030092 ,192.5888
0.00032208 ,206.13119999999998
5.6652408e-05 ,36.25754112
0.00056545 ,361.88800000000003
0.00019278 ,123.3792
0.00062331 ,398.91839999999996
0.00047865 ,306.336
0.00071743 ,459.15520000000004
0.00054234 ,347.09759999999994
0.00043614 ,279.12960000000004
0.00029005 ,185.63199999999998
0.00018537 ,118.63680000000001
0.00073964 ,473.3696
1.66367005e-05 ,10.64748832
0.00055388 ,354.48319999999995
0.00072076 ,461.28639999999996
1.88225053e-05 ,12.046403392
0.00043382 ,277.64480000000003
0.0001812 ,115.968
0.00030011 ,192.07040000000003
0.00073754 ,472.0256
0.00033686 ,215.59040000000005
0.00056585 ,362.144
0.00029085 ,186.144
0.00070726 ,452.64639999999997
0.000618 ,395.52
0.00057233 ,366.2912
0.00023745 ,151.968
0.00047168 ,301.8752
0.00031858 ,203.89120000000003
5.30600331e-06 ,3.3958421184
0.00051039 ,326.6496
0.00032514 ,208.08960000000002
0.00029058 ,185.9712
0.00022909 ,146.61759999999998
0.00012431 ,79.5584
6.45030102e-05 ,41.281926528
0.00033615 ,215.136
0.00029805 ,190.75199999999998
0.00041757 ,267.2448
0.00034884 ,223.2576
0.00043052 ,275.5328
0.00010846 ,69.4144
2.33549391e-05 ,14.947161024
0.00073579 ,470.90559999999994
0.00061342 ,392.58880000000005
0.00075745 ,484.768
0.00060915 ,389.85600000000005
8.9187952e-05 ,57.08028928
0.00062805 ,401.952
0.00037871 ,242.37439999999998
2.38091745e-05 ,15.23787168
0.00044278 ,283.3792
0.00031181 ,199.55839999999998
0.00012566 ,80.42240000000001
0.00014605 ,93.47200000000001
0.0005263 ,336.83200000000005
0.00076993 ,492.7552
0.00065263 ,417.68319999999994
0.00064385 ,412.06399999999996
0.0003284 ,210.17600000000002
0.00023813 ,152.4032
0.00017314 ,110.80960000000002
7.55606743e-05 ,48.358831552
0.00069238 ,443.1232
0.00022019 ,140.9216
0.00059833 ,382.9312
0.00077935 ,498.78400000000005
0.0007483 ,478.91200000000003
0.00037755 ,241.632
0.00031811 ,203.59039999999996
3.78176356e-05 ,24.203286784000003
0.00019589 ,125.3696
0.0002884 ,184.576
7.84298345e-05 ,50.195094080000004
0.00021874 ,139.99360000000001
0.00055654 ,356.1856
0.00062892 ,402.5088
0.00039233 ,251.09119999999996
0.00015054 ,96.3456
0.00014345 ,91.80799999999999
0.00034863 ,223.1232
0.00017303 ,110.7392
0.00010624 ,67.9936
0.00013246 ,84.7744
0.00029604 ,189.46560000000002
0.00056671 ,362.69440000000003
0.00058006 ,371.2384
0.00062899 ,402.55359999999996
0.00051058 ,326.77119999999996
0.00054009 ,345.6576
0.00042503 ,272.0192
0.00072323 ,462.8672
0.00011217 ,71.78880000000001
0.0006252 ,400.128
0.00032926 ,210.7264
0.00026352 ,168.65279999999998
0.00018395 ,117.72800000000001
0.00022068 ,141.23520000000002
6.61198351e-05 ,42.316694463999994
0.00022 ,140.8
0.00029028 ,185.77920000000003
0.00056677 ,362.7328
0.00022332 ,142.9248
0.00068742 ,439.9488
0.00021152 ,135.3728
0.00074224 ,475.0336
9.26459758e-05 ,59.293424512
0.00058183 ,372.3712
0.00076368 ,488.7552
0.00024136 ,154.4704
0.00050578 ,323.6992
0.000238 ,152.32000000000002
6.67453115e-05 ,42.71699936
0.0005678 ,363.39200000000005
7.26312922e-05 ,46.484027008
0.00035653 ,228.17919999999998
0.00020802 ,133.1328
0.00066397 ,424.94079999999997
0.00067358 ,431.0912000000001
0.00017012 ,108.8768
0.00074818 ,478.8352
0.0006074 ,388.73600000000005
4.60300631e-05 ,29.459240384000005
0.00019185 ,122.78399999999999
0.00039725 ,254.24
0.00012177 ,77.93279999999999
0.00019927 ,127.53280000000001
0.0002942 ,188.288
6.04364806e-05 ,38.679347584
0.00047496 ,303.9744
0.00014365 ,91.936
0.00057983 ,371.0912000000001
0.00030255 ,193.632
0.00059712 ,382.1568
0.00061735 ,395.10400000000004
0.00042358 ,271.0912
0.0001138 ,72.832
7.72326729e-05 ,49.428910656
0.00039797 ,254.7008
7.95932283e-05 ,50.939666112
0.00022756 ,145.6384
0.00067923 ,434.7072
0.00054341 ,347.78240000000005
0.00063184 ,404.37760000000003
0.00049844 ,319.00159999999994
4.14511933e-05 ,26.528763712
0.00038508 ,246.45119999999997
5.83808035e-05 ,37.36371424
0.00041868 ,267.9552
0.00035213 ,225.3632
0.00050214 ,321.3696
0.00059985 ,383.904
0.00053528 ,342.5792
0.00043841 ,280.5824
0.00063443 ,406.0352
0.00041239 ,263.9296
0.00076928 ,492.3392
0.00070223 ,449.4272
0.00024346 ,155.8144
3.67879024e-05 ,23.544257535999996
0.00016068 ,102.83520000000001
0.00071549 ,457.91360000000003
0.00035018 ,224.1152
5.41974931e-05 ,34.686395584
0.00047524 ,304.1536
0.00063891 ,408.9024
8.83157882e-05 ,56.52210444800001
0.00034095 ,218.20800000000003
0.0001804 ,115.456
7.17917567e-05 ,45.946724288
0.00031731 ,203.07840000000002
0.00019204 ,122.9056
0.00034141 ,218.5024
0.00034447 ,220.4608
0.00036571 ,234.0544
9.94950478e-05 ,63.676830592
0.00067489 ,431.9296
0.00070938 ,454.0032
0.0005057 ,323.648
0.00033269 ,212.9216
0.00046689 ,298.80960000000005
0.00044945 ,287.648
0.0007151 ,457.664
0.00069329 ,443.70560000000006
0.00071123 ,455.1872
0.00052165 ,333.85600000000005
0.000112 ,71.68
0.00075634 ,484.0576
0.00023963 ,153.3632
0.00012544 ,80.2816
0.00073039 ,467.4496
0.00059835 ,382.94399999999996
0.00043969 ,281.40160000000003
0.00040481 ,259.0784
0.00051743 ,331.15520000000004
7.73823952e-05 ,49.524732928000006
0.00035977 ,230.25279999999998
0.000373 ,238.72
0.00075739 ,484.7296
0.00053387 ,341.67679999999996
0.00028639 ,183.28959999999998
0.00067131 ,429.63840000000005
0.00034735 ,222.304
0.00028706 ,183.71839999999997
0.00041594 ,266.20160000000004
5.05170462e-05 ,32.330909567999996
0.00019823 ,126.86720000000001
0.00011121 ,71.1744
0.00051982 ,332.68480000000005
0.00070778 ,452.9792
0.00041718 ,266.9952
0.00060426 ,386.7264
8.68833197e-05 ,55.60532460799999
4.17809773e-05 ,26.739825471999996
0.00052441 ,335.6224
0.00029407 ,188.2048
0.00050738 ,324.72319999999996
0.00045575 ,291.68
0.00052508 ,336.0512
0.00013719 ,87.80160000000001
0.00010454 ,66.90559999999999
0.00048386 ,309.67040000000003
0.00013752 ,88.0128
3.01956947e-05 ,19.325244608000002
0.00025749 ,164.7936
0.0003287 ,210.36800000000002
0.00040411 ,258.6304
0.00035012 ,224.0768
0.00047262 ,302.47679999999997
0.00050431 ,322.75840000000005
0.00045157 ,289.0048
0.00034613 ,221.5232
0.00071926 ,460.32640000000004
0.00027587 ,176.5568
0.00037954 ,242.9056
0.00072997 ,467.1808
0.00040678 ,260.3392
0.00058419 ,373.8816
0.00017282 ,110.6048
3.42879577e-05 ,21.944292927999996
0.00054337 ,347.7568
0.00020586 ,131.7504
0.00037304 ,238.7456
5.218342e-05 ,33.3973888
0.00021188 ,135.60320000000002
0.00053324 ,341.27360000000004
0.00075355 ,482.27199999999993
0.00016282 ,104.20479999999999
0.00022463 ,143.76319999999998
0.00052272 ,334.5408
0.00022334 ,142.9376
0.0002304 ,147.456
0.00062835 ,402.144
0.00053349 ,341.43359999999996
0.00029915 ,191.456
0.00061615 ,394.336
0.0002414 ,154.496
0.00018775 ,120.16
0.00013635 ,87.264
0.00032825 ,210.07999999999998
3.0979747e-06 ,1.9827038080000001
0.00054393 ,348.1152
0.00028845 ,184.608
2.04738e-05 ,13.103232
1.92518889e-06 ,1.2321208896
0.00065828 ,421.2992
0.00076315 ,488.416
0.00048143 ,308.11519999999996
0.0007549 ,483.136
6.19669462e-05 ,39.658845568
0.0004076 ,260.864
0.00053335 ,341.344
0.00025431 ,162.7584
0.0007505 ,480.31999999999994
0.00028378 ,181.61920000000003
0.00065186 ,417.1904
0.00071596 ,458.21439999999996
0.0007009 ,448.57599999999996
0.00066847 ,427.8208
0.00044128 ,282.4192
0.00054957 ,351.7248
0.00054724 ,350.2336
0.0004263 ,272.832
0.00064708 ,414.1312
0.00034131 ,218.4384
0.00073308 ,469.1712
0.0005725 ,366.4
6.58353253e-05 ,42.134608192
0.00059978 ,383.8592
0.00025546 ,163.4944
7.5655593e-05 ,48.41957952
0.00069266 ,443.30240000000003
0.00059647 ,381.7408
0.00056142 ,359.3088
0.00038281 ,244.9984
0.00057898 ,370.5472
0.00064466 ,412.5824
0.0001902 ,121.72799999999998
0.00049927 ,319.5328
0.00071011 ,454.47040000000004
0.00019915 ,127.45599999999999
0.00039124 ,250.3936
0.00011938 ,76.4032
0.00035178 ,225.1392
0.00029844 ,191.00160000000002
0.00032346 ,207.01440000000002
0.00065317 ,418.02880000000005
0.00028335 ,181.344
0.00017174 ,109.9136
0.00071949 ,460.47360000000003
0.00065411 ,418.6304
8.94069068e-05 ,57.220420352000005
0.00033648 ,215.3472
0.00013227 ,84.6528
0.00014184 ,90.7776
0.00023214 ,148.5696
0.00056873 ,363.98720000000003
9.50538874e-05 ,60.834487935999995
0.00054185 ,346.784
0.00072251 ,462.40639999999996
0.00020719 ,132.60160000000002
0.00027997 ,179.1808
0.0004948 ,316.672
0.00019423 ,124.3072
0.00056876 ,364.0064
0.00028447 ,182.0608
0.0004232 ,270.84799999999996
0.00072425 ,463.52
0.000496 ,317.44
0.00051877 ,332.01279999999997
0.00021144 ,135.3216
0.0001465 ,93.76000000000002
0.00040364 ,258.3296
0.00011933 ,76.37119999999999
0.00072801 ,465.92639999999994
0.00016557 ,105.9648
3.80904428e-05 ,24.377883392
0.00032061 ,205.1904
0.00049825 ,318.88
0.00064033 ,409.81120000000004
0.00014663 ,93.84320000000001
0.00048137 ,308.0768
0.00077452 ,495.6928
0.00043734 ,279.8976
0.00077172 ,493.90080000000006
0.00060583 ,387.7312
0.00041468 ,265.3952
5.16137905e-05 ,33.03282592
7.41067804e-05 ,47.428339456
0.00052248 ,334.38719999999995
0.00016813 ,107.6032
0.00056911 ,364.23040000000003
0.00014363 ,91.92320000000001
0.00038124 ,243.9936
4.40208302e-05 ,28.173331328
7.72250684e-05 ,49.424043776
0.00057776 ,369.7664
0.00039792 ,254.6688
0.00041777 ,267.3728
0.00034605 ,221.47199999999998
0.00039359 ,251.8976
0.00054843 ,350.99520000000007
0.00073167 ,468.26880000000006
0.00029738 ,190.32319999999999
0.00062524 ,400.1536
0.00047088 ,301.3632
0.00047876 ,306.4064
0.00032745 ,209.568
0.00054365 ,347.936
0.00069919 ,447.48159999999996
0.00044941 ,287.6224
0.00024915 ,159.45600000000002
0.00060077 ,384.4928
0.00051974 ,332.6336
0.0001501 ,96.064
0.00060033 ,384.2112
0.00061298 ,392.30719999999997
0.0002211 ,141.50400000000002
0.00013432 ,85.9648
0.00067477 ,431.8528
0.00066639 ,426.4896
0.0005445 ,348.48
0.0006278 ,401.79200000000003
0.00039794 ,254.6816
0.00033495 ,214.368
0.00045631 ,292.0384
0.00065337 ,418.1568
3.1185574e-05 ,19.95876736
0.00012046 ,77.0944
0.00012974 ,83.03359999999999
5.73089834e-05 ,36.677749376
0.00066139 ,423.2896
0.0005953 ,380.99199999999996
0.00031648 ,202.54719999999998
0.00027654 ,176.98559999999998
8.75544895e-05 ,56.03487328
0.00043395 ,277.728
0.00077287 ,494.63680000000005
0.00062284 ,398.61760000000004
0.0007795 ,498.88000000000005
0.00044049 ,281.9136
6.01260409e-05 ,38.480666176
4.88783112e-05 ,31.282119168
0.00046206 ,295.7184
3.81819341e-05 ,24.436437824000002
0.00064659 ,413.81759999999997
0.00049933 ,319.5712
0.00049861 ,319.1104
0.00050154 ,320.9856
0.00019091 ,122.1824
0.00017058 ,109.1712
0.00039925 ,255.51999999999998
0.00069093 ,442.19519999999994
0.00056884 ,364.0576
0.00034638 ,221.68319999999997
0.00051523 ,329.74719999999996
3.76947708e-05 ,24.124653312
0.00013574 ,86.8736
0.00069621 ,445.57439999999997
0.00017664 ,113.0496
0.00013691 ,87.62239999999998
0.00023526 ,150.5664
0.00064368 ,411.9552
0.00014553 ,93.13919999999999
0.00032925 ,210.72
0.0003193 ,204.35200000000003
0.00063565 ,406.816
0.00028629 ,183.22560000000004
0.00066839 ,427.7696
0.00070806 ,453.15840000000003
0.00020756 ,132.8384
0.0002376 ,152.064
0.00022929 ,146.7456
0.00070487 ,451.1168
0.00016743 ,107.1552
0.00074501 ,476.80640000000005
0.00017634 ,112.85759999999999
0.00019609 ,125.4976
0.00038922 ,249.1008
0.00036098 ,231.02720000000002
0.00016682 ,106.7648
0.00050569 ,323.64160000000004
0.00024088 ,154.16320000000002
0.00050255 ,321.63200000000006
0.0002045 ,130.88
0.00067935 ,434.784
0.00036722 ,235.02080000000004
0.00010266 ,65.7024
8.98567259e-06 ,5.750830457599999
0.00023954 ,153.3056
9.95263039e-05 ,63.696834496
0.00034816 ,222.8224
2.60391809e-05 ,16.665075776000002
0.00060537 ,387.43680000000006
0.00069749 ,446.39360000000005
0.00069923 ,447.5072
0.00070872 ,453.5808
0.00015849 ,101.43360000000001
0.00049951 ,319.6864
0.00058966 ,377.38239999999996
0.00019135 ,122.464
0.00060326 ,386.0864
0.00038802 ,248.3328
3.17540717e-05 ,20.322605888
0.0001146 ,73.344
0.00021722 ,139.0208
0.00046895 ,300.128
0.00061347 ,392.6208
0.00070892 ,453.7088
0.00078001 ,499.2064
0.00034922 ,223.50080000000003
0.00021614 ,138.3296
0.00076038 ,486.6432
0.00023429 ,149.9456
0.00034253 ,219.2192
0.00024128 ,154.4192
0.00032289 ,206.64960000000002
0.00044457 ,284.52479999999997
0.00014412 ,92.2368
0.00077337 ,494.9568
0.00044021 ,281.7344
0.00022375 ,143.2
0.0006967 ,445.888
0.00040236 ,257.5104
0.00077379 ,495.2256
0.00069246 ,443.1744
0.00047169 ,301.8816
0.00016483 ,105.4912
0.00025629 ,164.0256
0.00059519 ,380.9216
0.00039227 ,251.0528
0.00031152 ,199.3728
0.00077335 ,494.94399999999996
0.00042232 ,270.2848
0.00070728 ,452.6592
0.00033874 ,216.79360000000003
0.00053412 ,341.83680000000004
1.1224162e-05 ,7.183463679999999
8.2124441e-05 ,52.55964224
0.00054495 ,348.76800000000003
0.00039423 ,252.30720000000002
0.00073315 ,469.216
0.000516 ,330.24
0.00074181 ,474.7584
0.00012886 ,82.4704
0.00037413 ,239.44320000000002
0.00050252 ,321.6128
0.00042262 ,270.4768
0.00074704 ,478.10560000000004
0.00018118 ,115.9552
0.00047668 ,305.0752
0.00067244 ,430.36159999999995
0.00063212 ,404.5568
0.00065357 ,418.2848
0.00034342 ,219.7888
0.00070865 ,453.536
0.00018834 ,120.5376
0.0005776 ,369.664
5.65438197e-05 ,36.188044608
0.00024515 ,156.89600000000002
5.8984754e-06 ,3.775024256
0.00052521 ,336.1344
0.00015755 ,100.832
8.25964073e-05 ,52.861700672
0.00055361 ,354.31039999999996
0.00038531 ,246.5984
0.00058183 ,372.3712
0.00066017 ,422.50879999999995
0.00011902 ,76.1728
0.00025128 ,160.8192
0.00043883 ,280.8512
0.00049871 ,319.1744
1.2301218e-05 ,7.87277952
0.00035394 ,226.52160000000003
0.0006402 ,409.728
0.0007209 ,461.376
4.6282652e-05 ,29.62089728
0.00074064 ,474.0096
7.84102234e-05 ,50.18254297600001
0.00052259 ,334.4576
0.00049311 ,315.59039999999993
0.0005212 ,333.568
0.00073868 ,472.7552
0.00071432 ,457.16479999999996
3.49945377e-05 ,22.396504128
9.83522778e-05 ,62.945457792
0.00012851 ,82.24640000000001
0.00028957 ,185.32479999999998
2.24311292e-05 ,14.355922688
0.00062581 ,400.5184
0.00061736 ,395.1103999999999
7.33907012e-05 ,46.970048768000005
0.00035132 ,224.84480000000002
0.0002509 ,160.57600000000002
0.00046472 ,297.4208
0.00013482 ,86.28479999999999
0.0006699 ,428.736
0.00024079 ,154.1056
0.00052959 ,338.9376
4.41535609e-05 ,28.258278976
0.00055764 ,356.88960000000003
0.00054689 ,350.0096
0.00023194 ,148.4416
0.00021607 ,138.28480000000002
0.00013653 ,87.3792
0.00070912 ,453.83680000000004
0.00071705 ,458.912
0.00077747 ,497.5808
0.00046818 ,299.6352
0.00076851 ,491.8464
0.00026777 ,171.3728
0.00071404 ,456.9856
0.00053551 ,342.7264
0.000457 ,292.48
0.00054178 ,346.7392
0.00059647 ,381.7408
0.00058381 ,373.63840000000005
9.65918373e-05 ,61.818775871999996
0.00033847 ,216.6208
0.00035287 ,225.83679999999998
0.00021223 ,135.8272
0.00021851 ,139.8464
0.00015045 ,96.288
0.00055848 ,357.42719999999997
0.00069077 ,442.0928
2.93691255e-05 ,18.79624032
0.00061886 ,396.07040000000006
0.00059679 ,381.9456
0.00013583 ,86.9312
0.00020229 ,129.4656
4.64918883e-05 ,29.754808512000004
0.00072261 ,462.47040000000004
0.00017316 ,110.8224
0.00046726 ,299.0464
0.00073613 ,471.1232
0.00021001 ,134.4064
0.00052989 ,339.1296
0.00044904 ,287.3856
0.00033237 ,212.7168
0.00057314 ,366.8096
0.00046236 ,295.9104
0.00069245 ,443.168
0.00048433 ,309.9712
0.00057976 ,371.04640000000006
0.00033649 ,215.3536
0.00075184 ,481.17760000000004
0.00028529 ,182.5856
0.00059228 ,379.05920000000003
0.00035138 ,224.8832
0.00024683 ,157.9712
0.00056857 ,363.88480000000004
0.00033427 ,213.93280000000001
0.00070558 ,451.5712
0.00032936 ,210.79039999999998
0.00064731 ,414.27840000000003
0.00059584 ,381.3376
0.00017632 ,112.8448
0.00058799 ,376.3136
0.00038723 ,247.8272
0.00057747 ,369.58079999999995
0.00042883 ,274.4512
0.00029677 ,189.93280000000001
0.00019471 ,124.61440000000002
6.59377189e-05 ,42.200140096
2.60816236e-05 ,16.692239104
4.70914711e-05 ,30.138541504
0.00044644 ,285.7216
1.70561493e-05 ,10.915935552
0.00015974 ,102.23360000000001
0.00033541 ,214.66240000000002
0.00011009 ,70.4576
0.00032056 ,205.1584
0.00016702 ,106.8928
0.00072544 ,464.2816
0.00036624 ,234.3936
0.00032701 ,209.2864
0.00034377 ,220.01280000000003
0.00027091 ,173.38240000000002
0.00014583 ,93.33120000000001
6.1562249e-05 ,39.39983936
0.00039181 ,250.7584
5.9849101e-05 ,38.30342464
8.05985132e-05 ,51.583048448
0.00073729 ,471.8656
0.00048971 ,313.4144
0.00013609 ,87.09760000000001
0.00054257 ,347.2448
0.00052091 ,333.38239999999996
1.88897348e-06 ,1.2089430272
0.00058912 ,377.0368000000001
0.00075669 ,484.28159999999997
0.00034224 ,219.03359999999998
0.00049779 ,318.5856
0.0007499 ,479.93600000000004
0.00026061 ,166.7904
5.8722574e-05 ,37.58244736
0.00022361 ,143.1104
0.00054573 ,349.2672
0.00073788 ,472.2432
0.00035571 ,227.6544
0.00034792 ,222.6688
0.00034703 ,222.0992
0.00018578 ,118.89920000000001
0.00034328 ,219.69920000000002
0.00070415 ,450.65599999999995
1.93665771e-05 ,12.394609344000001
0.00046429 ,297.1456
0.00018077 ,115.69279999999999
0.00060963 ,390.1632
0.00064035 ,409.82400000000007
0.00052936 ,338.7904
0.00020578 ,131.6992
0.00032858 ,210.2912
0.00070424 ,450.7136
0.00045363 ,290.3232
0.00039643 ,253.7152
0.00025366 ,162.3424
0.00033249 ,212.7936
0.0003586 ,229.504
0.00059452 ,380.4928
0.00033434 ,213.9776
0.00044762 ,286.47679999999997
7.70233621e-05 ,49.294951744
0.00077801 ,497.9264
5.56666244e-05 ,35.626639616
0.00013719 ,87.80160000000001
0.00039996 ,255.9744
0.00034457 ,220.5248
0.00043407 ,277.8048
0.00019488 ,124.72319999999999
0.00015689 ,100.4096
0.00027136 ,173.6704
0.00023043 ,147.4752
0.00029562 ,189.1968
5.57669181e-06 ,3.5690827584
0.00058817 ,376.42879999999997
6.92145482e-05 ,44.297310847999995
0.00074888 ,479.2832000000001
0.00047248 ,302.3872
6.02179221e-05 ,38.539470144
0.00046821 ,299.6544
0.00074845 ,479.00800000000004
0.0006063 ,388.03200000000004
0.00060442 ,386.82880000000006
0.0005535 ,354.24
0.00042777 ,273.77279999999996
0.00054103 ,346.2592
5.8880083e-06 ,3.7683253120000004
0.00064303 ,411.5392
0.00073418 ,469.87519999999995
0.00038235 ,244.704
6.37530225e-05 ,40.80193440000001
0.00014584 ,93.3376
0.00074281 ,475.3984
0.00030125 ,192.79999999999998
0.00035873 ,229.5872
0.00012618 ,80.75519999999999
0.00039428 ,252.3392
5.17290457e-05 ,33.106589248000006
0.00046199 ,295.6736
0.00032666 ,209.0624
0.00066715 ,426.976
0.00054856 ,351.07840000000004
0.00075404 ,482.58559999999994
0.00044893 ,287.3152
0.00072493 ,463.95520000000005
0.00039221 ,251.0144
0.00062481 ,399.8784
0.0006342 ,405.888
0.00020266 ,129.70239999999998
0.0001773 ,113.47200000000001
0.00043578 ,278.8992
0.00024463 ,156.5632
6.05031129e-05 ,38.721992256
0.00033601 ,215.04639999999998
0.00012462 ,79.7568
0.00014708 ,94.1312
0.0004105 ,262.71999999999997
0.00014821 ,94.85439999999998
0.00037467 ,239.7888
0.00068835 ,440.544
0.0003582 ,229.248
0.00039708 ,254.13119999999998
0.00076957 ,492.52479999999997
0.00066569 ,426.0416
5.28094834e-05 ,33.798069376
0.00017507 ,112.04479999999998
0.00058555 ,374.752
0.00060766 ,388.9024
1.13066451e-05 ,7.236252863999999
0.00030513 ,195.28319999999997
0.00051603 ,330.25919999999996
0.00063769 ,408.1216
0.00038062 ,243.5968
0.00037135 ,237.66400000000002
0.00038838 ,248.5632
0.00056273 ,360.1472
0.0001219 ,78.01599999999999
2.85709884e-05 ,18.285432576
3.89777378e-05 ,24.945752191999997
0.00031242 ,199.94879999999998
0.00069141 ,442.5024000000001
0.00015495 ,99.168
0.00040996 ,262.3744
0.00057679 ,369.1456
0.00025654 ,164.1856
0.00044826 ,286.88640000000004
0.00028414 ,181.8496
0.00042771 ,273.7344
0.00054387 ,348.0768
0.00028218 ,180.59519999999998
0.00022801 ,145.9264
0.00011305 ,72.352
0.00020407 ,130.6048
0.00077366 ,495.1424
0.00075162 ,481.0368
0.00061863 ,395.9232
0.00017208 ,110.13119999999999
0.00057389 ,367.2896
0.00047207 ,302.1248
0.00016911 ,108.2304
0.00065923 ,421.9072
3.21484745e-05 ,20.575023679999997
0.00061362 ,392.71680000000003
0.0007016 ,449.024
0.00043851 ,280.64639999999997
0.00041608 ,266.2912
0.00038997 ,249.58079999999998
0.00059234 ,379.0976
0.00072633 ,464.85119999999995
0.0002013 ,128.832
0.00041635 ,266.464
0.00056839 ,363.76959999999997
0.0003554 ,227.456
0.00074329 ,475.7056
0.00022808 ,145.9712
0.00024793 ,158.6752
0.000507 ,324.48
0.00013246 ,84.7744
0.00012999 ,83.1936
0.00047528 ,304.17920000000004
0.00058935 ,377.184
0.00058793 ,376.2752
0.00066277 ,424.17280000000005
3.90326376e-05 ,24.980888064000002
0.00024406 ,156.1984
0.00030385 ,194.464
0.00058459 ,374.13759999999996
7.14885333e-05 ,45.752661312
0.00060575 ,387.67999999999995
8.71420471e-05 ,55.770910144
0.00068725 ,439.84000000000003
0.00013706 ,87.71839999999999
0.000143 ,91.52000000000001
0.00066174 ,423.5136
3.60413569e-05 ,23.066468416
0.00038743 ,247.9552
0.00034475 ,220.64
0.00011506 ,73.63839999999999
0.00020431 ,130.7584
2.53181831e-05 ,16.203637183999998
2.47351747e-05 ,15.830511808
0.00027001 ,172.8064
0.00074406 ,476.1984
0.00034272 ,219.3408
0.00067167 ,429.86879999999996
0.00045999 ,294.3936
0.00055858 ,357.49120000000005
0.00015762 ,100.8768
0.00069021 ,441.7344
0.00050612 ,323.9168
0.00038552 ,246.7328
0.00059489 ,380.7296
3.50583808e-06 ,2.2437363712
0.00023396 ,149.7344
0.00019662 ,125.8368
0.00018796 ,120.29440000000001
0.00049138 ,314.4832
0.00056821 ,363.6544
0.00066832 ,427.7248
3.28872329e-05 ,21.047829056
0.00052027 ,332.9728
4.46088906e-05 ,28.549689984
0.00024575 ,157.28
0.00059971 ,383.81440000000003
0.00067057 ,429.1648
0.00071629 ,458.4256
0.00041733 ,267.09119999999996
0.00062856 ,402.27840000000003
4.99082168e-05 ,31.941258752000003
0.00010502 ,67.21279999999999
0.00023392 ,149.7088
0.00061947 ,396.46079999999995
0.00019259 ,123.25760000000001
1.54317942e-06 ,0.9876348288000001
3.37608845e-05 ,21.60696608
0.00022476 ,143.84640000000002
0.00038434 ,245.9776
0.00024797 ,158.70080000000002
7.3148824e-05 ,46.81524736
0.00077289 ,494.6496000000001
0.00059712 ,382.1568
1.0980964e-05 ,7.027816960000001
0.00052158 ,333.81120000000004
0.00068883 ,440.85119999999995
0.00067772 ,433.7408
0.0003648 ,233.47199999999998
0.00055443 ,354.8352
0.00046057 ,294.7648
9.22265566e-05 ,59.024996224
0.00057395 ,367.32800000000003
0.00076 ,486.4
0.00044432 ,284.3648
0.00015458 ,98.93119999999999
0.00029029 ,185.7856
0.00017718 ,113.3952
0.00063113 ,403.92320000000007
0.00070125 ,448.8
0.00046649 ,298.5536
0.00044048 ,281.9072
0.0007754 ,496.256
0.00022982 ,147.0848
0.00042455 ,271.712
0.00063071 ,403.6544
7.09876458e-05 ,45.432093312
0.00069659 ,445.81759999999997
0.00049977 ,319.8528
0.0006463 ,413.63200000000006
0.00038459 ,246.1376
0.00060126 ,384.8064
0.00057884 ,370.45759999999996
0.00035111 ,224.71040000000002
8.39592135e-05 ,53.733896640000005
5.62139837e-06 ,3.5976949568
0.00012974 ,83.03359999999999
0.00065133 ,416.85119999999995
0.0001671 ,106.944
0.0005124 ,327.936
0.00013799 ,88.31360000000001
0.00026521 ,169.7344
0.00070933 ,453.9712
0.00071561 ,457.99039999999997
0.00050396 ,322.53440000000006
0.00021556 ,137.9584
0.00040081 ,256.5184
0.00022538 ,144.2432
0.00044253 ,283.2192
0.00046126 ,295.20640000000003
0.00076879 ,492.0256
0.00013827 ,88.49279999999999
0.00066818 ,427.6352
0.00028131 ,180.0384
0.00035718 ,228.5952
0.0005567 ,356.28800000000007
0.00023881 ,152.8384
0.00063057 ,403.5648
0.00061736 ,395.1103999999999
0.00068255 ,436.832
0.00020226 ,129.44639999999998
0.00028894 ,184.9216
0.00044177 ,282.7328
0.00042953 ,274.8992
0.00017164 ,109.84960000000001
0.0003905 ,249.92000000000002
0.00064672 ,413.90080000000006
4.74649124e-05 ,30.377543936
0.00077116 ,493.5424
7.55225639e-05 ,48.334440896000004
0.00033608 ,215.0912
0.00072041 ,461.0624
0.00077584 ,496.5376
0.00037489 ,239.9296
0.00044526 ,284.9664
0.00069172 ,442.7008
0.00030451 ,194.8864
0.0006836 ,437.504
0.00047438 ,303.60319999999996
0.00067813 ,434.0032
9.22146799e-05 ,59.017395136
0.00038258 ,244.85119999999998
0.00014414 ,92.24960000000002
0.00059369 ,379.96160000000003
0.00066614 ,426.32959999999997
0.00063473 ,406.22720000000004
1.05639123e-05 ,6.760903872
0.0002462 ,157.568
0.00041305 ,264.352
0.00036396 ,232.93439999999998
0.00069206 ,442.9184
0.00060821 ,389.25440000000003
0.00027913 ,178.64319999999998
6.45467486e-05 ,41.309919103999995
0.00049557 ,317.16479999999996
0.00029025 ,185.76
0.00038729 ,247.86559999999997
0.00072004 ,460.8256
0.00075803 ,485.13919999999996
0.00053689 ,343.60960000000006
0.00074472 ,476.62080000000003
0.00013463 ,86.1632
0.00042877 ,274.4128
0.00021725 ,139.04
0.00035492 ,227.1488
0.0002861 ,183.104
0.00020945 ,134.048
0.0002204 ,141.05599999999998
0.00066112 ,423.11679999999996
4.81177945e-05 ,30.79538848
0.00012773 ,81.7472
0.00057529 ,368.18559999999997
0.00072479 ,463.86560000000003
0.00051585 ,330.144
0.00068395 ,437.72800000000007
0.00041425 ,265.12
0.00012834 ,82.1376
0.00033749 ,215.99360000000001
0.00027267 ,174.50879999999998
0.00019397 ,124.14079999999998
0.00027715 ,177.376
4.95911822e-05 ,31.738356608
0.00053762 ,344.07680000000005
0.00032899 ,210.55360000000002
0.00073375 ,469.6
0.00055151 ,352.96639999999996
0.00010122 ,64.7808
0.00025854 ,165.4656
0.00048598 ,311.0272
0.00029741 ,190.3424
0.00039261 ,251.2704
0.00059489 ,380.7296
0.00061169 ,391.48160000000007
0.00057594 ,368.6016
0.00036554 ,233.94559999999998
0.0003575 ,228.8
7.65153152e-05 ,48.969801728
0.00038571 ,246.8544
0.00040523 ,259.34720000000004
0.00044394 ,284.1216
0.00056988 ,364.7232
0.00012697 ,81.2608
0.00036385 ,232.864
0.00023331 ,149.3184
0.00028789 ,184.24960000000002
0.00038561 ,246.7904
0.00051689 ,330.8096
0.00025017 ,160.1088
7.4363742e-05 ,47.59279488
0.00017175 ,109.92000000000002
0.00060839 ,389.3696
0.00022129 ,141.6256
0.00033868 ,216.7552
0.00030931 ,197.95839999999998
0.00020254 ,129.6256
0.00071323 ,456.46720000000005
5.13303674e-05 ,32.851435136
0.00067987 ,435.1168
0.00049593 ,317.3952
5.09379069e-05 ,32.600260416000005
0.00010703 ,68.4992
0.00074275 ,475.36
0.00052215 ,334.176
0.00065385 ,418.46399999999994
0.00036001 ,230.4064
0.00016539 ,105.84959999999998
0.00020112 ,128.7168
0.00054729 ,350.26559999999995
0.00072693 ,465.23519999999996
0.00021183 ,135.5712
0.000195 ,124.80000000000001
8.71043545e-05 ,55.74678688
0.00070388 ,450.4832
0.00069505 ,444.83200000000005
0.00029774 ,190.55360000000002
0.0002637 ,168.768
0.00023283 ,149.0112
0.00069303 ,443.53919999999994
0.00074785 ,478.624
0.00060884 ,389.6576
4.84381927e-05 ,31.000443328
0.00068254 ,436.8256
0.00057031 ,364.9984
0.00016007 ,102.44479999999999
0.00047029 ,300.9856
0.00014686 ,93.99040000000001
0.00039096 ,250.21439999999998
1.02065243e-05 ,6.532175552
0.00071824 ,459.67359999999996
0.00050521 ,323.33439999999996
0.0002971 ,190.144
0.00053708 ,343.7312
0.00020543 ,131.4752
0.00061492 ,393.5488
0.00037476 ,239.84640000000002
0.00020288 ,129.8432
0.00049534 ,317.0176
6.98448758e-05 ,44.700720512
0.00056691 ,362.8224
0.00057369 ,367.16159999999996
0.00028965 ,185.376
0.00055915 ,357.856
0.00073444 ,470.0416000000001
0.0003318 ,212.35199999999998
0.00068286 ,437.0304
0.00038464 ,246.1696
0.0006817 ,436.28800000000007
0.00026483 ,169.4912
0.00012628 ,80.8192
0.0002798 ,179.07200000000003
0.00018986 ,121.5104
0.00016385 ,104.864
0.00023236 ,148.7104
9.60726113e-05 ,61.486471232
0.00017156 ,109.79839999999999
0.00023922 ,153.10080000000002
0.00073047 ,467.50079999999997
0.00073227 ,468.65280000000007
0.00016058 ,102.7712
0.00015436 ,98.7904
0.00046916 ,300.26239999999996
0.00050579 ,323.7056
0.00054503 ,348.8191999999999
0.00057876 ,370.40639999999996
0.00057741 ,369.5424
0.00010889 ,69.6896
0.0005983 ,382.912
0.00052343 ,334.99519999999995
0.00065151 ,416.9664
0.00010769 ,68.9216
0.00018837 ,120.55679999999998
0.00025655 ,164.192
1.97889864e-05 ,12.664951296
0.00059663 ,381.8432
0.00039358 ,251.8912
0.00039391 ,252.1024
0.00057291 ,366.66240000000005
0.00064152 ,410.5728
0.00068447 ,438.0608
0.00067346 ,431.01439999999997
0.00044463 ,284.5632
0.00057669 ,369.08160000000004
2.42112427e-05 ,15.495195328
0.00053852 ,344.6528
0.00061097 ,391.0208
0.00067718 ,433.3952
0.00030598 ,195.8272
0.00071161 ,455.43039999999996
0.00065216 ,417.3824000000001
0.00028308 ,181.1712
0.00045866 ,293.5424
3.68431113e-05 ,23.579591232
0.00035904 ,229.7856
0.00076822 ,491.6608
0.0005271 ,337.344
0.0002606 ,166.784
0.00073834 ,472.5376
0.00067932 ,434.7647999999999
0.00011725 ,75.04
0.00037108 ,237.4912
0.00061646 ,394.5344
0.00072622 ,464.7808
0.00020436 ,130.7904
0.0006314 ,404.096
0.00027859 ,178.2976
0.00066212 ,423.75679999999994
0.00011939 ,76.4096
0.00037931 ,242.7584
0.00063188 ,404.40319999999997
0.00056517 ,361.70880000000005
0.00041506 ,265.6384
0.00014582 ,93.32480000000001
0.00011101 ,71.0464
0.00043564 ,278.8096
0.00063923 ,409.1072
0.00059326 ,379.6864
0.00030027 ,192.1728
0.00051226 ,327.84639999999996
0.00029622 ,189.58079999999998
1.81538466e-05 ,11.618461824
0.00071103 ,455.0592
0.00055383 ,354.4512
0.00068573 ,438.86719999999997
0.0005788 ,370.432
0.00027878 ,178.41920000000002
0.00035806 ,229.1584
0.00034612 ,221.5168
0.00032046 ,205.0944
0.00069338 ,443.7632
0.00074227 ,475.0528
8.55303177e-05 ,54.73940332800001
9.19702291e-05 ,58.86094662399999
0.00040862 ,261.5168
0.0005159 ,330.17600000000004
0.00057688 ,369.2032
4.30061344e-05 ,27.523926016
5.28923585e-06 ,3.3851109440000005
0.00067257 ,430.4448
0.00075736 ,484.71040000000005
0.00034687 ,221.9968
0.00011249 ,71.9936
0.00071738 ,459.1232
0.00013547 ,86.7008
0.00053751 ,344.00640000000004
0.00067178 ,429.93919999999997
0.00026351 ,168.64640000000003
0.00026 ,166.39999999999998
0.00032579 ,208.50560000000002
0.00051499 ,329.5936
0.00036871 ,235.97440000000003
0.00057488 ,367.92320000000007
0.00051405 ,328.992
0.0007582 ,485.248
2.71977387e-05 ,17.406552768
0.00065537 ,419.4368
0.00053576 ,342.8864
0.00067857 ,434.2848
0.0001905 ,121.92
9.68826244e-05 ,62.004879616000004
0.00075507 ,483.2448
0.00064923 ,415.5072
0.00026833 ,171.7312
6.15509335e-05 ,39.39259744
0.00016108 ,103.0912
0.00014291 ,91.4624
3.19010953e-05 ,20.416700992000003
0.00031711 ,202.9504
0.00042219 ,270.2016
0.00058436 ,373.9904
0.00055342 ,354.1888
0.00048867 ,312.7488
0.00056072 ,358.8608
0.00067641 ,432.90239999999994
0.00059978 ,383.8592
0.00020243 ,129.5552
0.00035474 ,227.0336
0.00021073 ,134.8672
0.00031786 ,203.4304
0.00057422 ,367.50079999999997
0.00019216 ,122.9824
0.00074224 ,475.0336
0.00062929 ,402.7456
7.93514746e-05 ,50.784943744
0.00031094 ,199.0016
0.00044362 ,283.91679999999997
0.00033713 ,215.76319999999998
0.00056434 ,361.1776
0.00012674 ,81.11359999999999
0.00011938 ,76.4032
0.00064199 ,410.8736
0.00037812 ,241.9968
0.00068482 ,438.2848000000001
0.00048042 ,307.4688
0.00049972 ,319.8208
0.0007574 ,484.736
1.61433392e-05 ,10.331737088
0.00045334 ,290.13759999999996
0.00053413 ,341.8432
0.00076364 ,488.7296
0.00042246 ,270.3744
0.00034689 ,222.00959999999998
0.00028431 ,181.9584
0.0004694 ,300.41600000000005
0.00041271 ,264.1344
0.00052366 ,335.1424
0.00010087 ,64.5568
0.00053089 ,339.76959999999997
0.00060214 ,385.3696
0.00031725 ,203.04
0.00038903 ,248.9792
0.00049016 ,313.7024
0.00054672 ,349.9008
0.00074082 ,474.12480000000005
0.00023576 ,150.8864
0.00053926 ,345.1264
0.0004512 ,288.768
0.00063519 ,406.52160000000003
0.00041026 ,262.5664
0.00041528 ,265.7792
0.00039574 ,253.2736
0.00014546 ,93.09440000000001
0.00035723 ,228.6272
0.00056084 ,358.9376
0.0005336 ,341.50399999999996
0.00025833 ,165.33119999999997
0.00024797 ,158.70080000000002
0.00021836 ,139.7504
0.00074745 ,478.36799999999994
0.00044862 ,287.1168
0.00018001 ,115.2064
0.00050778 ,324.9792
0.00063298 ,405.1072
0.00011544 ,73.8816
0.00077903 ,498.5792
0.00048582 ,310.9248
0.00053814 ,344.40959999999995
0.00031684 ,202.77759999999998
4.83454026e-05 ,30.941057664000002
0.00048056 ,307.5584
0.00037971 ,243.0144
0.00052197 ,334.0608
0.00069556 ,445.15840000000003
0.00027803 ,177.9392
0.00016519 ,105.7216
0.00038276 ,244.9664
0.00061 ,390.4
6.68916291e-05 ,42.810642624
0.00053164 ,340.2496
0.00031319 ,200.4416
0.00071622 ,458.3808
0.00058501 ,374.40639999999996
0.00077902 ,498.5728
0.00011294 ,72.2816
1.89959397e-05 ,12.157401407999998
0.00040738 ,260.7232
0.00026382 ,168.8448
0.00069953 ,447.6992
0.00026322 ,168.4608
0.00040968 ,262.1952
0.00037019 ,236.9216
0.00021224 ,135.8336
0.00073027 ,467.3728
0.00059628 ,381.61920000000003
0.0002733 ,174.91199999999998
0.00011846 ,75.81439999999999
0.00035647 ,228.1408
1.78472667e-05 ,11.422250688
4.52927292e-05 ,28.987346688
0.0003064 ,196.096
0.00045112 ,288.71680000000003
6.33320988e-05 ,40.532543232
0.00010527 ,67.3728
0.00032346 ,207.01440000000002
0.0006457 ,413.24800000000005
0.0006824 ,436.736
0.00063566 ,406.8224
6.35551571e-05 ,40.675300543999995
0.00016882 ,108.0448
0.0004234 ,270.976
0.00027216 ,174.1824
8.64671008e-05 ,55.338944512
0.000376 ,240.64
0.00012172 ,77.9008
0.00063072 ,403.6608
1.54051414e-05 ,9.859290496
0.00055252 ,353.6128
0.00047112 ,301.5168
0.00056596 ,362.2144
0.00073662 ,471.43680000000006
0.00024111 ,154.3104
0.00025882 ,165.6448
0.00056222 ,359.82079999999996
0.00034861 ,223.11040000000003
6.42523359e-05 ,41.121494976
0.00015765 ,100.89600000000002
0.00069894 ,447.3216
0.00068003 ,435.2192
0.00033712 ,215.7568
0.00020072 ,128.46079999999998
0.00066583 ,426.1311999999999
9.59701852e-05 ,61.420918527999994
0.00038424 ,245.91359999999997
0.0003685 ,235.84
0.00018953 ,121.2992
0.00033117 ,211.94879999999998
0.00047251 ,302.40639999999996
0.00026264 ,168.08960000000002
0.00077902 ,498.5728
0.00018263 ,116.88320000000002
0.00047625 ,304.8
0.00075028 ,480.1792
9.98255738e-05 ,63.888367232
0.00073029 ,467.3856
5.00812576e-05 ,32.052004864000004
0.00037332 ,238.9248
0.00016411 ,105.0304
0.00027353 ,175.0592
0.00055307 ,353.9648
0.00078062 ,499.5968
3.74483821e-05 ,23.966964544000003
0.00045115 ,288.736
0.00076334 ,488.5376
0.000247 ,158.07999999999998
0.00046935 ,300.384
0.0002973 ,190.272
0.00029006 ,185.63840000000002
0.0007255 ,464.32000000000005
0.00068753 ,440.01919999999996
0.00074642 ,477.7088
3.60098568e-05 ,23.046308352000004
0.00055938 ,358.0032
0.00072339 ,462.9696
8.92091745e-05 ,57.09387168
1.85440361e-05 ,11.868183104
0.00047425 ,303.52
0.0004272 ,273.40799999999996
0.00034768 ,222.5152
0.00061075 ,390.88
0.00040038 ,256.2432
0.00060384 ,386.4576
0.0005904 ,377.856
0.00017925 ,114.72
6.37690436e-05 ,40.812187904000005
0.00011358 ,72.6912
0.000699 ,447.35999999999996
0.00059485 ,380.704
0.00035218 ,225.3952
0.00077969 ,499.0016
0.00021908 ,140.2112
0.00010487 ,67.1168
3.22016071e-05 ,20.609028543999997
0.00069257 ,443.2448
0.00068514 ,438.4896
0.00076481 ,489.47839999999997
0.00042056 ,269.1584
0.00024454 ,156.50560000000002
0.00059935 ,383.58400000000006
0.00074992 ,479.94879999999995
0.00031132 ,199.24480000000003
0.00013027 ,83.37280000000001
0.00061873 ,395.98720000000003
0.00055633 ,356.0512
0.0001812 ,115.968
0.00075286 ,481.83040000000005
0.00034046 ,217.8944
0.0003484 ,222.976
0.0004723 ,302.272
0.00069063 ,442.0032
0.00057927 ,370.7328
0.00077427 ,495.5328
0.00028135 ,180.064
0.00052926 ,338.7264
0.00033462 ,214.15679999999998
0.00073846 ,472.6144
0.00031069 ,198.84160000000003
0.00073382 ,469.64480000000003
0.00036335 ,232.544
0.00031625 ,202.40000000000003
0.00025868 ,165.5552
0.00067154 ,429.78560000000004
0.0004419 ,282.81600000000003
9.44554073e-05 ,60.451460672
0.00055624 ,355.99359999999996
2.76284943e-05 ,17.682236352
0.00011404 ,72.9856
0.00019429 ,124.34560000000002
0.00038446 ,246.0544
0.00043583 ,278.9312
0.00012838 ,82.16319999999999
0.00054968 ,351.79519999999997
0.00028038 ,179.44320000000002
2.76623012e-05 ,17.703872768
0.00029435 ,188.38400000000001
0.00056555 ,361.952
0.00014988 ,95.9232
0.00066324 ,424.47360000000003
0.00074448 ,476.46719999999993
1.89327767e-05 ,12.116977088
0.00063473 ,406.22720000000004
9.15338364e-05 ,58.58165529600001
0.0006525 ,417.59999999999997
0.00068054 ,435.54560000000004
0.0001107 ,70.848
0.00029045 ,185.88799999999998
6.49665813e-05 ,41.578612031999995
0.00053142 ,340.1088
7.3861013e-05 ,47.271048320000006
0.00013662 ,87.43679999999999
0.00019531 ,124.9984
0.00070886 ,453.6704
0.0007016 ,449.024
0.00067517 ,432.10880000000003
0.000335 ,214.4
0.00054195 ,346.848
0.00038315 ,245.216
0.00063895 ,408.928
0.00051867 ,331.94880000000006
1.64091367e-06 ,1.0501847488
0.00013352 ,85.4528
0.00051255 ,328.032
0.00013244 ,84.7616
8.0652162e-06 ,5.161738368000001
0.00024862 ,159.1168
0.00010932 ,69.9648
0.00012972 ,83.02080000000001
0.00068975 ,441.44000000000005
0.00069223 ,443.02719999999994
0.00065386 ,418.4704
8.46597123e-05 ,54.18221587200001
0.00020812 ,133.1968
5.24783842e-05 ,33.586165888
0.00052334 ,334.9376
0.00055261 ,353.67040000000003
0.00030693 ,196.4352
0.00074562 ,477.19680000000005
0.00036987 ,236.71680000000003
0.00045878 ,293.61920000000003
8.1644322e-05 ,52.252366079999994
0.00021594 ,138.20159999999998
0.00022805 ,145.952
9.66021233e-05 ,61.825358912000006
0.00072856 ,466.2784
0.00060772 ,388.94079999999997
4.01213168e-05 ,25.677642752
0.0005497 ,351.808
0.00064471 ,412.6144
0.00067719 ,433.40160000000003
3.44068479e-05 ,22.020382655999995
0.00033676 ,215.5264
0.00074245 ,475.16799999999995
0.00038701 ,247.68640000000002
0.0006473 ,414.272
0.00017767 ,113.7088
0.00019033 ,121.8112
7.64907906e-05 ,48.954105983999995
0.0001513 ,96.832
0.00019572 ,125.2608
0.00036484 ,233.4976
0.0007586 ,485.504
0.00041586 ,266.1504
0.00057921 ,370.6944
9.75298119e-05 ,62.419079616
0.00027222 ,174.2208
0.00022927 ,146.7328
0.00037138 ,237.6832
0.00077634 ,496.85760000000005
0.00063934 ,409.1775999999999
0.00024702 ,158.09279999999998
0.00072137 ,461.67680000000007
0.00055077 ,352.4928
9.60832083e-05 ,61.493253312
8.65545703e-05 ,55.394924992
0.00067914 ,434.64959999999996
1.15693288e-05 ,7.404370432
0.00070539 ,451.4496
0.00030517 ,195.3088
0.00048005 ,307.23199999999997
0.0002988 ,191.232
0.0005444 ,348.416
0.00047828 ,306.0992
0.00013916 ,89.06239999999998
4.08376283e-05 ,26.136082112000004
0.00013105 ,83.872
0.00031013 ,198.48319999999998
0.00041918 ,268.2752
0.00064095 ,410.208
5.10546635e-05 ,32.67498464
0.00034015 ,217.696
0.00011884 ,76.0576
0.00059553 ,381.1392
9.72243635e-06 ,6.222359264
0.00075586 ,483.7504
0.00061324 ,392.47360000000003
0.00018713 ,119.76320000000001
0.00056685 ,362.78400000000005
0.00025468 ,162.9952
0.00040134 ,256.8576
3.37918523e-05 ,21.626785472
0.00050649 ,324.1536
0.00036736 ,235.11040000000003
3.28533132e-05 ,21.026120448
0.00049235 ,315.104
1.21578178e-05 ,7.781003392
0.00015692 ,100.4288
0.00061964 ,396.5696
0.0002169 ,138.81599999999997
0.00068363 ,437.5232
0.00068171 ,436.29439999999994
0.00041021 ,262.5344
0.00032498 ,207.9872
0.00049841 ,318.9824
0.00076471 ,489.4144
0.00014147 ,90.5408
0.00070765 ,452.896
0.00076084 ,486.93760000000003
0.00032904 ,210.5856
0.00041183 ,263.57120000000003
7.63827292e-05 ,48.884946688
0.00024941 ,159.6224
8.40955547e-05 ,53.821155008000005
0.00016878 ,108.01919999999998
0.00077169 ,493.8816
0.00060238 ,385.52320000000003
0.00062517 ,400.1088
0.00036988 ,236.7232
0.00039751 ,254.40640000000002
0.00050111 ,320.71040000000005
0.0006185 ,395.84000000000003
0.00067324 ,430.87359999999995
0.00076813 ,491.6032
4.34478073e-05 ,27.806596672
0.00036598 ,234.2272
8.95424935e-05 ,57.30719584
0.00054271 ,347.33439999999996
0.000473 ,302.72
0.00034121 ,218.3744
0.00025345 ,162.208
0.00030784 ,197.01760000000002
0.00026223 ,167.8272
0.00062467 ,399.78880000000004
0.00019665 ,125.85600000000001
0.00019185 ,122.78399999999999
0.00077964 ,498.9696
8.44898121e-05 ,54.073479744
0.00071624 ,458.3936
0.00068869 ,440.76160000000004
0.00057735 ,369.504
0.00075563 ,483.6032
0.00044309 ,283.57759999999996
0.00033449 ,214.0736
0.00028043 ,179.4752
0.00017275 ,110.55999999999999
0.00076092 ,486.9888
9.82999254e-05 ,62.911952256
0.00069247 ,443.18080000000003
0.00038471 ,246.2144
7.22439295e-06 ,4.623611488
1.89924907e-05 ,12.155194048
4.81733084e-05 ,30.830917376
0.00044132 ,282.4448
0.00032106 ,205.47840000000002
0.0007394 ,473.21599999999995
0.00075186 ,481.19039999999995
0.00053109 ,339.8976
0.00054908 ,351.4112
0.00071913 ,460.2432
0.00032122 ,205.5808
0.00031473 ,201.4272
0.00011801 ,75.5264
4.369858e-05 ,27.9670912
0.00026772 ,171.3408
0.00048288 ,309.04319999999996
0.00028416 ,181.86239999999998
9.6896628e-05 ,62.01384192
0.00073847 ,472.6208
0.00016045 ,102.688
0.00047215 ,302.176
0.00057776 ,369.7664
0.00045849 ,293.4336
0.00065934 ,421.97760000000005
0.00012629 ,80.82560000000001
0.00053809 ,344.3776
0.00026843 ,171.7952
0.00052472 ,335.82079999999996
6.16477598e-05 ,39.45456627200001
0.00016632 ,106.4448
0.00069594 ,445.40160000000003
8.54864115e-05 ,54.71130336
0.00072336 ,462.9504
0.00036722 ,235.02080000000004
0.00067994 ,435.1616
0.0002052 ,131.328
0.00074421 ,476.2944
0.00033953 ,217.29919999999998
0.0002476 ,158.464
0.00060354 ,386.26559999999995
0.0007484 ,478.976
0.00076294 ,488.2816
0.00033632 ,215.24479999999997
0.00069923 ,447.5072
0.00032071 ,205.2544
0.00058596 ,375.01439999999997
0.00020434 ,130.7776
0.00021512 ,137.6768
0.00040192 ,257.2288
0.00026086 ,166.95040000000003
0.0003869 ,247.616
0.00042751 ,273.6064
0.00042235 ,270.304
0.00066999 ,428.79359999999997
0.00072632 ,464.8448000000001
0.00018314 ,117.20960000000002
0.00057666 ,369.06239999999997
1.00969348e-05 ,6.462038272
0.0005762 ,368.76800000000003
0.00042324 ,270.8736
0.00021718 ,138.9952
0.00053944 ,345.24159999999995
0.00028819 ,184.4416
0.00010142 ,64.9088
0.00037382 ,239.24480000000003
0.00035752 ,228.8128
0.000163 ,104.32000000000001
0.00050791 ,325.06239999999997
0.00053051 ,339.5264
3.77995151e-05 ,24.191689664000002
0.00019448 ,124.46719999999999
0.00020251 ,129.6064
0.00013951 ,89.2864
0.00071668 ,458.6752
0.00057022 ,364.94079999999997
0.00054774 ,350.5536
9.8640054e-05 ,63.12963456
0.00018199 ,116.4736
0.00021658 ,138.6112
0.0004058 ,259.712
0.00019485 ,124.704
0.00039856 ,255.07840000000002
0.00029451 ,188.4864
0.00018164 ,116.2496
0.00076471 ,489.4144
0.00018386 ,117.6704
0.00074798 ,478.7072
0.00041524 ,265.7536
0.00010393 ,66.51520000000001
0.00072957 ,466.9248
0.00056114 ,359.1296
0.00013826 ,88.4864
0.00055385 ,354.46400000000006
0.00053559 ,342.7776
0.00063971 ,409.4144
0.00013797 ,88.30080000000001
0.00018737 ,119.9168
0.00020844 ,133.4016
0.00040417 ,258.6688
7.43850221e-05 ,47.606414144
0.00056804 ,363.5456
5.37839563e-06 ,3.4421732031999994
0.00062367 ,399.14879999999994
0.00050935 ,325.984
0.00042348 ,271.0272
4.37729168e-05 ,28.014666752
0.00039817 ,254.82879999999997
0.00067713 ,433.3632
0.00031604 ,202.26560000000003
0.0001718 ,109.952
0.00015255 ,97.63199999999999
0.0007608 ,486.9119999999999
9.20841657e-05 ,58.933866048
0.00022122 ,141.5808
0.00044401 ,284.1664
0.00072112 ,461.5168
0.00039501 ,252.80640000000002
8.64599021e-05 ,55.334337344
0.00049903 ,319.3792
0.0003306 ,211.584
0.00047254 ,302.42560000000003
0.00020088 ,128.5632
0.00045491 ,291.1424
0.000204 ,130.56
0.00065181 ,417.15840000000003
0.0004965 ,317.76
1.15461401e-05 ,7.389529664000001
0.0002641 ,169.024
0.00016884 ,108.0576
0.00060341 ,386.18240000000003
0.00051381 ,328.8384
0.00058015 ,371.29599999999994
0.00036228 ,231.8592
0.00020311 ,129.9904
0.00071983 ,460.6912
0.00069279 ,443.3856
0.00064747 ,414.3808
0.00073226 ,468.6464
0.00057077 ,365.2928
0.00012898 ,82.5472
0.00029981 ,191.8784
0.00022923 ,146.7072
0.00034499 ,220.79359999999997
5.20260739e-05 ,33.296687296
0.00060844 ,389.4016
0.00030471 ,195.0144
0.00019308 ,123.57119999999998
0.00037507 ,240.0448
0.00061245 ,391.96799999999996
0.0006101 ,390.464
0.00041888 ,268.0832
0.00061823 ,395.6672
0.00021313 ,136.4032
0.00011822 ,75.66080000000001
3.62069947e-05 ,23.172476608
0.00077423 ,495.5072
0.00021717 ,138.9888
0.00074945 ,479.648
0.00064594 ,413.4016
0.00012538 ,80.2432
0.00037162 ,237.8368
0.00035422 ,226.7008
0.00056684 ,362.7776
0.00075926 ,485.92640000000006
0.00030379 ,194.4256
0.0003062 ,195.96800000000002
0.0004695 ,300.47999999999996
0.00055811 ,357.1904
0.00063442 ,406.0288
0.00026804 ,171.5456
0.00074003 ,473.61920000000003
0.00035004 ,224.02559999999997
0.00068588 ,438.96320000000003
0.00030486 ,195.11040000000003
8.35507292e-05 ,53.472466688
0.0005943 ,380.352
0.00040786 ,261.0304
0.00076316 ,488.42240000000004
6.57658341e-06 ,4.2090133824
0.00062082 ,397.32480000000004
1.45012103e-05 ,9.280774592
0.00047811 ,305.9904
0.00062282 ,398.60479999999995
