SubstitutionRate,Theta
0.00018465 ,118.17599999999999
3.57151417e-06 ,2.2857690687999996
5.58542251e-05 ,35.746704064
0.00011676 ,74.7264
8.51993988e-05 ,54.527615232
8.02867588e-05 ,51.383525632
8.15571812e-05 ,52.196595968
5.34018368e-05 ,34.177175552
7.35656555e-07 ,0.47082019519999996
0.00012733 ,81.49119999999999
0.00016923 ,108.3072
0.00015234 ,97.4976
3.01606441e-05 ,19.302812224
6.32387826e-05 ,40.472820864
4.59898472e-05 ,29.433502208
3.32974752e-05 ,21.310384127999995
4.19653386e-06 ,2.6857816704
8.86876372e-05 ,56.760087808
0.00013751 ,88.0064
3.05304685e-05 ,19.539499839999998
0.00016809 ,107.57759999999999
2.07758846e-05 ,13.296566144000002
0.00011751 ,75.2064
1.54838492e-05 ,9.909663488
0.0001799 ,115.136
4.40468482e-05 ,28.189982848
0.00018614 ,119.1296
0.00012553 ,80.3392
0.00018253 ,116.8192
0.00018554 ,118.7456
2.42606274e-05 ,15.526801535999999
5.40856045e-05 ,34.61478688
0.00012858 ,82.2912
0.00013407 ,85.8048
4.72419798e-05 ,30.234867072
3.70331335e-05 ,23.701205439999995
2.37878003e-05 ,15.224192192
0.00017212 ,110.1568
8.22844056e-05 ,52.662019584
2.77665524e-05 ,17.770593536
0.00013188 ,84.4032
9.48047152e-05 ,60.675017728
0.00010737 ,68.71679999999999
0.00012291 ,78.6624
6.06718317e-05 ,38.829972288
5.20596013e-05 ,33.318144832
0.00016293 ,104.2752
0.00014094 ,90.20159999999998
0.00014941 ,95.6224
0.00018518 ,118.51520000000001
1.57227592e-05 ,10.062565887999998
7.65487726e-06 ,4.8991214464
0.00010064 ,64.4096
7.5016231e-05 ,48.01038784
6.91481332e-05 ,44.254805248000004
0.0001208 ,77.312
9.72729644e-05 ,62.254697216000004
1.92343876e-05 ,12.310008064
0.00016456 ,105.31840000000001
0.00012506 ,80.0384
8.68654623e-05 ,55.593895872000004
2.38027465e-05 ,15.23375776
0.00018106 ,115.8784
8.934228e-05 ,57.179059200000005
0.00015982 ,102.28479999999999
4.30108004e-05 ,27.526912256
0.00014987 ,95.9168
2.65537475e-05 ,16.994398399999998
0.00010174 ,65.11359999999999
8.31065883e-05 ,53.188216512
5.05763368e-05 ,32.368855552
0.00011659 ,74.6176
2.99223518e-05 ,19.150305152
0.00014472 ,92.6208
0.00013282 ,85.00479999999999
4.96379475e-06 ,3.1768286399999996
7.54544245e-05 ,48.29083168
4.49383075e-05 ,28.7605168
0.00011328 ,72.4992
6.72688671e-06 ,4.3052074944
0.00015762 ,100.8768
8.66309394e-05 ,55.443801216
2.6855768e-05 ,17.18769152
5.85901284e-05 ,37.497682176000005
7.60262934e-05 ,48.656827776
0.00010415 ,66.65599999999999
0.00016441 ,105.2224
0.00011215 ,71.776
1.01152944e-05 ,6.473788416
5.21731298e-05 ,33.390803072000004
0.00011737 ,75.1168
3.85977094e-05 ,24.702534016
7.91597242e-05 ,50.662223487999995
1.00421349e-05 ,6.4269663360000004
0.00012776 ,81.7664
3.91777194e-05 ,25.073740416
6.1413675e-05 ,39.304752
7.99963032e-05 ,51.197634048000005
0.00010922 ,69.9008
0.00010988 ,70.3232
9.6824972e-05 ,61.96798208
5.23534047e-05 ,33.506179008
0.00014452 ,92.4928
0.00016408 ,105.01119999999999
2.83433891e-05 ,18.139769024
9.70951722e-06 ,6.2140910208
0.00014355 ,91.87199999999999
0.00018456 ,118.11840000000001
9.4557038e-05 ,60.516504319999996
4.58426976e-05 ,29.339326464000003
0.00014575 ,93.28
0.00011063 ,70.8032
6.46609651e-05 ,41.38301766400001
1.57146657e-05 ,10.057386047999998
6.87599041e-05 ,44.006338623999994
8.91799399e-05 ,57.075161536
3.53130497e-05 ,22.600351808
0.00011855 ,75.87199999999999
8.76705522e-05 ,56.109153408
0.00013108 ,83.8912
0.00011638 ,74.4832
7.17458538e-05 ,45.917346432
2.34185574e-05 ,14.987876735999999
5.15859343e-05 ,33.014997952
0.00016649 ,106.5536
4.09053508e-05 ,26.179424511999997
5.71701281e-05 ,36.588881984
6.49791492e-05 ,41.586655488000005
0.00011883 ,76.05120000000001
0.00011586 ,74.1504
9.96981718e-05 ,63.806829952
6.74229999e-05 ,43.150719936
0.00016894 ,108.12159999999999
4.16857398e-05 ,26.678873472
5.62760992e-05 ,36.016703488
0.0001013 ,64.832
1.8582502e-05 ,11.89280128
6.48667278e-05 ,41.514705792
4.22352613e-06 ,2.7030567232000005
0.00014584 ,93.3376
0.00015875 ,101.6
2.4766185e-05 ,15.8503584
5.06958975e-05 ,32.445374400000006
9.89616018e-06 ,6.3335425152
2.46830571e-05 ,15.797156544000002
0.00013199 ,84.4736
4.9637777e-05 ,31.76817728
0.00016007 ,102.44479999999999
5.67926934e-06 ,3.6347323776000002
0.0001317 ,84.28800000000001
6.28104163e-05 ,40.198666431999996
5.97309026e-05 ,38.227777664
8.41758105e-05 ,53.87251872
0.00015592 ,99.78880000000001
0.00015948 ,102.06720000000001
0.0001049 ,67.13600000000001
9.53934845e-05 ,61.05183008
4.81771632e-05 ,30.833384447999997
8.32373575e-05 ,53.2719088
2.73865191e-05 ,17.527372224
0.00015589 ,99.7696
0.00014779 ,94.5856
0.00010506 ,67.2384
0.00013991 ,89.5424
6.45982373e-05 ,41.342871872
0.00010926 ,69.9264
0.00016067 ,102.82879999999999
0.00015461 ,98.95040000000002
0.00018642 ,119.3088
0.00011211 ,71.7504
9.82526023e-05 ,62.881665472
0.00011865 ,75.93599999999999
5.32342825e-05 ,34.0699408
1.64791825e-05 ,10.546676799999998
9.3152855e-05 ,59.61782720000001
0.00015471 ,99.0144
0.00015731 ,100.67840000000001
1.85360921e-05 ,11.863098943999999
3.19093369e-05 ,20.421975616
0.00018306 ,117.1584
2.08167689e-05 ,13.322732096000001
0.0001209 ,77.37599999999999
3.26900269e-05 ,20.921617216
9.20662829e-05 ,58.922421056000005
8.99291684e-05 ,57.554667775999995
1.02128039e-05 ,6.536194495999999
9.6506144e-05 ,61.763932159999996
3.60642192e-05 ,23.081100288000002
0.00017622 ,112.7808
4.52433232e-05 ,28.955726847999998
0.00016415 ,105.05600000000001
8.86863371e-05 ,56.759255744
6.55240613e-05 ,41.935399232
6.12165693e-05 ,39.178604351999994
2.24912791e-05 ,14.394418624
1.69751084e-05 ,10.864069376
5.53996112e-05 ,35.455751168
0.00016153 ,103.3792
6.72381517e-05 ,43.032417088
5.73530061e-05 ,36.705923904
6.53621616e-05 ,41.831783423999994
0.00015989 ,102.32959999999999
5.73672913e-05 ,36.715066432
0.00013613 ,87.1232
5.19917274e-05 ,33.274705536
9.13683765e-05 ,58.47576096
2.08376001e-05 ,13.336064063999999
0.00011933 ,76.37119999999999
0.00011231 ,71.8784
0.00015669 ,100.2816
0.00018526 ,118.5664
0.00013348 ,85.42720000000001
7.57904803e-05 ,48.505907392000005
0.0001647 ,105.40799999999999
9.6154669e-05 ,61.53898816
4.98342308e-05 ,31.893907711999997
7.87418027e-05 ,50.394753728
7.61042519e-05 ,48.706721216000005
6.72120032e-05 ,43.015682048
9.8625685e-05 ,63.120438400000005
0.00010952 ,70.0928
2.23056084e-06 ,1.4275589376
3.55726584e-05 ,22.766501376
4.47676459e-05 ,28.651293375999998
6.93862055e-05 ,44.40717151999999
7.50504913e-06 ,4.8032314432
3.52901235e-05 ,22.58567904
5.74351726e-05 ,36.758510464
3.28349898e-05 ,21.014393472000002
0.00013168 ,84.27520000000001
0.00017585 ,112.54399999999998
1.84894837e-05 ,11.833269568
0.00015284 ,97.8176
0.00010332 ,66.1248
8.23815353e-05 ,52.724182592000005
9.08823925e-05 ,58.164731200000006
0.00012564 ,80.4096
1.53198476e-05 ,9.804702464
6.56357455e-05 ,42.00687712
0.00011046 ,70.6944
0.00015217 ,97.3888
3.31204644e-05 ,21.197097215999996
0.00017387 ,111.2768
8.93126709e-05 ,57.160109376
0.00012272 ,78.54079999999999
0.00014872 ,95.18079999999999
0.00010895 ,69.72800000000001
2.32121967e-05 ,14.855805887999999
8.37770728e-05 ,53.617326592000005
6.88641008e-05 ,44.073024512
8.73229807e-05 ,55.886707648
4.56328854e-05 ,29.205046656
4.81682902e-05 ,30.827705727999998
2.30256233e-05 ,14.736398911999999
4.67192707e-05 ,29.900333247999995
6.21680082e-05 ,39.787525248
8.64835144e-05 ,55.349449216000004
6.0425125e-05 ,38.67208
0.00017435 ,111.584
6.46974398e-05 ,41.406361472
6.79188579e-05 ,43.468069056000004
4.22570565e-06 ,2.704451616
0.00012817 ,82.02879999999999
0.00017482 ,111.8848
8.17076636e-05 ,52.29290470400001
0.00015064 ,96.4096
0.00015925 ,101.92
0.00016823 ,107.66720000000001
8.31122889e-05 ,53.191864896000006
0.00017776 ,113.7664
2.46757327e-05 ,15.792468928000002
0.00011965 ,76.576
0.00011469 ,73.4016
0.00014569 ,93.24159999999999
0.00016289 ,104.2496
8.42207231e-05 ,53.901262784000004
3.82024862e-05 ,24.449591167999998
0.00015409 ,98.61760000000001
2.05289448e-05 ,13.138524672
6.36644291e-07 ,0.40745234624000004
2.4706104e-05 ,15.811906560000002
9.8797273e-05 ,63.230254720000005
7.75500481e-05 ,49.632030784
0.00016672 ,106.7008
4.57694356e-05 ,29.292438783999998
0.00018146 ,116.13439999999999
0.00012122 ,77.5808
0.00015684 ,100.3776
0.00018622 ,119.1808
0.00016148 ,103.34720000000002
0.00013259 ,84.8576
1.86590265e-05 ,11.941776960000002
6.45784415e-05 ,41.330202560000004
7.51771128e-05 ,48.113352192
0.0001761 ,112.70400000000001
0.00014754 ,94.42559999999999
0.00010979 ,70.2656
0.00011464 ,73.3696
0.0001002 ,64.128
3.08864321e-06 ,1.9767316544000002
9.43725838e-05 ,60.398453632
7.6733812e-05 ,49.10963968000001
1.36088736e-05 ,8.709679104
0.00011372 ,72.7808
9.68775532e-05 ,62.001634048
0.00013724 ,87.8336
3.77202858e-05 ,24.140982912
0.00016176 ,103.5264
7.24533435e-06 ,4.637013984
0.00017938 ,114.8032
6.40163567e-05 ,40.970468288
0.00016853 ,107.85919999999999
3.33297155e-05 ,21.33101792
8.48869668e-05 ,54.327658752000005
5.60768495e-05 ,35.88918368
0.00015384 ,98.4576
0.00016906 ,108.1984
0.00012652 ,80.97279999999999
6.18972298e-05 ,39.614227072
0.00013927 ,89.1328
0.00012286 ,78.6304
0.00013309 ,85.17759999999998
7.47240771e-05 ,47.823409344
2.41300379e-05 ,15.443224256
8.02492732e-05 ,51.359534847999996
0.00017776 ,113.7664
0.0001767 ,113.08800000000002
0.00010483 ,67.0912
0.0001493 ,95.55199999999999
0.00017373 ,111.18719999999999
0.00012248 ,78.3872
3.74803418e-05 ,23.987418751999996
0.00014191 ,90.8224
0.00017921 ,114.69439999999999
7.99108858e-05 ,51.142966912
4.47044106e-05 ,28.610822784
9.19937067e-05 ,58.87597228800001
9.88986542e-05 ,63.295138688
2.7816724e-05 ,17.802703360000002
7.63238519e-05 ,48.847265216000004
0.00018522 ,118.54079999999999
0.00014831 ,94.91839999999999
0.00015139 ,96.8896
5.21888727e-05 ,33.400878528
0.00015457 ,98.9248
6.31120348e-05 ,40.391702271999996
0.00013689 ,87.6096
0.00014445 ,92.448
3.75124251e-05 ,24.007952063999998
7.07693342e-05 ,45.292373888
4.51729702e-05 ,28.910700927999997
3.14893162e-05 ,20.153162368
8.93040702e-05 ,57.154604928
0.00011314 ,72.4096
1.12134841e-05 ,7.176629824000001
0.00010119 ,64.7616
0.00017536 ,112.23039999999999
0.00013947 ,89.26079999999999
8.14523303e-05 ,52.129491392
2.90728454e-05 ,18.606621055999998
6.50481424e-05 ,41.630811136
6.48723288e-06 ,4.1518290432
5.06770578e-05 ,32.433316992
0.00012793 ,81.8752
0.00014996 ,95.9744
0.00016506 ,105.63839999999999
0.00018057 ,115.56479999999999
0.00015212 ,97.3568
0.00014304 ,91.54560000000001
6.50264866e-05 ,41.616951424
0.00010115 ,64.736
8.60821219e-05 ,55.092558016
8.09918306e-05 ,51.83477158400001
0.00018346 ,117.4144
0.00014712 ,94.1568
2.76307415e-05 ,17.68367456
9.59505756e-05 ,61.40836838399999
2.21296976e-05 ,14.163006464
0.00011441 ,73.2224
0.00013556 ,86.75840000000001
0.00016135 ,103.264
5.31530777e-05 ,34.017969728000004
0.000113 ,72.32
3.87493532e-05 ,24.799586048000002
0.00018285 ,117.024
0.00010458 ,66.9312
0.00015218 ,97.3952
4.63301462e-05 ,29.651293568
0.00014546 ,93.09440000000001
5.34339465e-05 ,34.197725760000004
0.00016789 ,107.44959999999999
0.00012222 ,78.22080000000001
8.9448662e-05 ,57.24714368
0.00011647 ,74.5408
0.00012666 ,81.06240000000001
0.00016441 ,105.2224
2.17743311e-05 ,13.935571904
0.00017211 ,110.1504
5.49280245e-06 ,3.5153935680000004
0.00016085 ,102.94399999999999
5.20069976e-05 ,33.284478464
0.00014442 ,92.4288
4.62757214e-05 ,29.616461696
7.82672913e-06 ,5.0091066432
0.00017887 ,114.4768
0.00012764 ,81.6896
0.00010771 ,68.9344
0.00016877 ,108.0128
8.14291466e-05 ,52.114653824
5.19815725e-05 ,33.2682064
6.59441812e-05 ,42.204275968
0.00012728 ,81.45919999999998
9.33047539e-06 ,5.971504249600001
1.24832704e-05 ,7.989293056000001
0.00015724 ,100.63360000000002
6.27181752e-05 ,40.139632127999995
0.00013632 ,87.2448
0.00017352 ,111.0528
0.00018305 ,117.15199999999999
3.27131171e-05 ,20.936394944
0.00016895 ,108.12799999999999
0.00017848 ,114.2272
0.00017744 ,113.56160000000001
9.21570396e-05 ,58.980505344
7.41656565e-05 ,47.46602016
0.00012113 ,77.5232
4.65014338e-05 ,29.760917631999998
3.94595358e-05 ,25.254102912
2.6784107e-06 ,1.7141828479999999
5.74588685e-05 ,36.773675839999996
0.00018677 ,119.5328
0.00018408 ,117.81120000000001
7.14406539e-05 ,45.722018496
0.00018312 ,117.1968
0.00017425 ,111.52000000000001
0.00018012 ,115.27680000000001
0.00018692 ,119.6288
0.00017444 ,111.64159999999998
0.0001337 ,85.56799999999998
2.52007964e-05 ,16.128509696
0.00014016 ,89.70240000000001
7.29150863e-05 ,46.665655232
0.00015358 ,98.2912
0.00010993 ,70.3552
1.57631033e-05 ,10.088386112
0.00011711 ,74.9504
0.00018055 ,115.55199999999999
0.00015735 ,100.704
7.9859633e-05 ,51.11016512
0.00017124 ,109.59360000000001
0.00016247 ,103.9808
0.00010784 ,69.01759999999999
2.29866316e-05 ,14.711444224
2.86266684e-05 ,18.321067776
0.00012803 ,81.9392
3.08407227e-06 ,1.9738062528
3.30207831e-05 ,21.133301184
0.00018725 ,119.84
4.80667285e-05 ,30.76270624
0.00012397 ,79.3408
7.04299302e-05 ,45.075155328
0.00013898 ,88.9472
3.63192796e-05 ,23.244338944000003
0.00015107 ,96.68480000000001
0.00018143 ,116.1152
3.52932592e-06 ,2.2587685887999998
0.00012495 ,79.968
9.35097609e-05 ,59.846246976
4.31573379e-05 ,27.620696256000002
0.00018114 ,115.9296
6.39032344e-05 ,40.898070016
8.04457274e-06 ,5.1485265536
4.88451581e-05 ,31.260901184
9.11113415e-05 ,58.311258560000006
0.00013839 ,88.56960000000001
0.0001285 ,82.24000000000001
0.00018325 ,117.28
0.00015363 ,98.32320000000001
7.2502174e-05 ,46.401391360000005
7.59963899e-05 ,48.637689536
4.00116452e-05 ,25.607452928
0.00016424 ,105.11360000000002
0.00012742 ,81.5488
0.00017032 ,109.0048
0.00015044 ,96.2816
1.96448122e-05 ,12.572679808
0.00016709 ,106.93759999999999
0.00016899 ,108.1536
9.89728732e-05 ,63.34263884800001
0.00010611 ,67.9104
4.59132694e-05 ,29.384492416
7.24914742e-06 ,4.6394543488
9.73763047e-05 ,62.320835008
8.65055367e-05 ,55.363543488
0.00017913 ,114.64320000000001
5.00387062e-05 ,32.024771967999996
0.00018016 ,115.3024
4.47666599e-05 ,28.650662336
9.85946733e-05 ,63.100590911999994
5.53398088e-05 ,35.417477632
3.82935455e-05 ,24.507869120000002
9.08731864e-06 ,5.8158839296
4.85636257e-05 ,31.080720448
0.0001372 ,87.80799999999999
7.16417373e-05 ,45.850711872
0.00015725 ,100.64
2.14245996e-05 ,13.711743743999998
0.00013339 ,85.3696
3.05116086e-05 ,19.527429504
0.00014213 ,90.9632
5.88821409e-05 ,37.684570176
0.00018367 ,117.5488
0.00016968 ,108.5952
8.19024315e-05 ,52.41755616
0.00010184 ,65.1776
5.02704409e-05 ,32.173082176
0.00011123 ,71.1872
0.00014122 ,90.38080000000001
9.65177449e-05 ,61.771356735999994
0.00017526 ,112.1664
0.00011865 ,75.93599999999999
0.00018588 ,118.9632
0.00015887 ,101.67680000000001
1.81614659e-05 ,11.623338176
2.64781192e-05 ,16.945996288
8.90590611e-06 ,5.6997799104
0.00014021 ,89.7344
7.71207462e-05 ,49.357277568
0.0001731 ,110.784
6.7095258e-05 ,42.94096512
3.73414527e-05 ,23.898529728
2.54889851e-05 ,16.312950464
0.00016938 ,108.4032
0.00014694 ,94.04159999999999
9.4371215e-05 ,60.397577600000005
0.00012237 ,78.3168
6.83161263e-05 ,43.722320832
1.86900574e-05 ,11.961636736
7.95064815e-05 ,50.884148159999995
0.00012739 ,81.5296
7.46975003e-05 ,47.806400192
6.58800609e-06 ,4.2163238976
4.47351449e-05 ,28.630492736
7.2379761e-05 ,46.32304704
8.48302211e-05 ,54.291341504
2.29149906e-05 ,14.665593983999997
5.8128314e-05 ,37.20212096
7.7209251e-05 ,49.41392063999999
7.3361876e-05 ,46.95160064
9.00179191e-05 ,57.611468224
0.00012743 ,81.55519999999999
1.03188983e-05 ,6.604094912000001
8.34791063e-05 ,53.426628032
0.00015038 ,96.2432
0.00015019 ,96.1216
0.00016741 ,107.14240000000001
3.9382657e-05 ,25.20490048
5.3183875e-05 ,34.03768
5.24355899e-06 ,3.3558777536
7.27741619e-05 ,46.57546361600001
1.66296618e-06 ,1.0642983552
0.00012983 ,83.0912
1.91050013e-05 ,12.227200831999998
9.34308568e-05 ,59.795748352000004
0.00013357 ,85.4848
0.00018043 ,115.4752
0.00018343 ,117.3952
0.00015803 ,101.1392
0.00012757 ,81.64479999999999
2.43875591e-05 ,15.608037824
9.35977861e-05 ,59.902583104
0.00017461 ,111.75040000000001
0.00016885 ,108.064
0.00018203 ,116.4992
0.00011663 ,74.6432
3.81629653e-05 ,24.424297791999997
0.00010421 ,66.6944
6.29141581e-05 ,40.265061184
0.00017096 ,109.4144
0.0001286 ,82.30400000000002
5.75618686e-05 ,36.839595904
2.37587482e-05 ,15.205598848000001
9.27714598e-05 ,59.37373427200001
6.67861751e-05 ,42.743152064
0.00010043 ,64.2752
0.00016555 ,105.952
9.63754565e-05 ,61.68029216
0.00017428 ,111.5392
0.0001464 ,93.696
5.42054111e-05 ,34.691463104
0.00014374 ,91.9936
0.00011033 ,70.6112
0.00017483 ,111.89120000000001
4.01479995e-05 ,25.69471968
1.49179533e-05 ,9.547490112
2.10055594e-05 ,13.443558015999999
3.56070213e-05 ,22.788493631999998
5.62608925e-05 ,36.0069712
0.0001528 ,97.792
0.00016505 ,105.632
0.00010132 ,64.84479999999999
9.71826352e-05 ,62.19688652800001
0.00012303 ,78.7392
5.7264542e-05 ,36.64930688
4.43081761e-05 ,28.357232704000005
7.98888588e-06 ,5.112886963199999
3.56450555e-05 ,22.812835519999997
1.80632119e-05 ,11.560455616
0.00012626 ,80.80640000000001
1.78477847e-05 ,11.422582208000001
2.9116179e-05 ,18.63435456
9.38071637e-05 ,60.036584768
8.82584367e-05 ,56.485399488
7.06784646e-05 ,45.234217343999994
2.64916991e-05 ,16.954687424
0.00014577 ,93.2928
0.00011842 ,75.7888
0.00017554 ,112.3456
9.45921661e-05 ,60.538986304
4.24639418e-05 ,27.176922751999996
9.31252956e-05 ,59.600189184
0.00010124 ,64.7936
2.95607708e-05 ,18.918893312
2.20767282e-05 ,14.129106048000002
0.00011644 ,74.5216
0.00011936 ,76.3904
8.0718376e-05 ,51.659760639999995
0.00012951 ,82.8864
7.03627687e-05 ,45.03217196800001
0.00016958 ,108.53120000000001
0.00017675 ,113.11999999999999
9.0395058e-05 ,57.852837120000004
0.0001484 ,94.976
1.32487583e-05 ,8.479205312
1.63015676e-05 ,10.433003264
0.00015918 ,101.8752
0.00017714 ,113.36959999999999
2.91291391e-05 ,18.642649024
6.70874083e-05 ,42.935941312
0.00017885 ,114.464
6.37751446e-05 ,40.816092544
8.82437527e-06 ,5.647600172800001
0.00017552 ,112.3328
0.00010993 ,70.3552
0.0001547 ,99.00800000000001
0.00018611 ,119.1104
0.00013908 ,89.0112
0.00013834 ,88.53760000000001
0.00015948 ,102.06720000000001
0.00018727 ,119.8528
4.6368014e-05 ,29.67552896
4.96952736e-05 ,31.804975104
8.25689774e-05 ,52.844145536000006
9.41975496e-05 ,60.286431744
4.31709605e-05 ,27.62941472
8.59406253e-05 ,55.002000192000004
0.00016216 ,103.7824
0.00013045 ,83.488
2.72423904e-05 ,17.435129856
0.00011947 ,76.4608
0.00016985 ,108.70400000000001
0.00011541 ,73.8624
0.00011846 ,75.81439999999999
0.00013473 ,86.22720000000001
0.00010128 ,64.81920000000001
1.34075361e-05 ,8.580823104
0.00013542 ,86.6688
2.37391839e-05 ,15.193077696
0.00014968 ,95.7952
0.00010045 ,64.288
9.63981099e-05 ,61.694790336
0.00012367 ,79.1488
1.88184788e-05 ,12.043826432
0.00015537 ,99.4368
1.55372312e-05 ,9.943827967999999
6.86703974e-06 ,4.3949054336
0.00012321 ,78.85440000000001
0.00016777 ,107.3728
0.00015264 ,97.6896
3.49265722e-05 ,22.353006208
0.00010716 ,68.58239999999999
4.02103103e-05 ,25.734598591999998
0.00018612 ,119.11679999999998
6.08680079e-05 ,38.955525056
0.00012558 ,80.3712
6.62209315e-05 ,42.38139616000001
5.76776552e-05 ,36.913699328
7.06858031e-05 ,45.238913984
2.51785784e-05 ,16.114290175999997
0.00015886 ,101.6704
0.0001788 ,114.43200000000002
2.4789619e-05 ,15.86535616
0.00012108 ,77.49119999999999
0.00011295 ,72.288
0.00011702 ,74.8928
3.34078465e-05 ,21.38102176
0.00012638 ,80.88319999999999
6.9824257e-05 ,44.68752448
1.71652552e-05 ,10.985763328
9.43005862e-05 ,60.352375167999995
0.00010515 ,67.29599999999999
0.00011194 ,71.6416
0.0001482 ,94.848
5.34507081e-05 ,34.208453184
9.63966192e-05 ,61.693836288
7.84110613e-06 ,5.018307923199999
9.74477492e-05 ,62.366559488
3.97855601e-05 ,25.462758464000004
0.00013429 ,85.9456
0.00012545 ,80.28800000000001
0.00016514 ,105.68960000000001
0.000169 ,108.16
2.98382681e-05 ,19.096491584
0.00011712 ,74.9568
0.00010906 ,69.7984
1.19530493e-05 ,7.649951551999999
0.00014839 ,94.9696
7.20305688e-06 ,4.6099564032
0.00018527 ,118.5728
0.00016458 ,105.3312
8.197803e-06 ,5.2465939200000005
4.4342914e-05 ,28.37946496
0.00018635 ,119.26400000000001
3.94225321e-05 ,25.230420544000005
0.0001167 ,74.688
5.91945965e-05 ,37.88454176
8.26165603e-05 ,52.874598592
3.58774827e-07 ,0.22961588928
0.00015619 ,99.9616
4.65071064e-05 ,29.764548096
0.00015257 ,97.6448
3.88085011e-05 ,24.837440704000002
0.00011461 ,73.35040000000001
4.19414359e-05 ,26.842518975999997
5.54058544e-06 ,3.5459746815999997
0.00015726 ,100.64639999999999
9.14970387e-06 ,5.855810476799999
0.00015133 ,96.85119999999999
8.11717795e-05 ,51.94993888
2.59083128e-05 ,16.581320192
0.00013836 ,88.5504
0.00012262 ,78.4768
0.00015261 ,97.6704
1.68360609e-05 ,10.775078976000001
5.57968951e-05 ,35.710012864
0.00013395 ,85.72800000000001
1.13562087e-05 ,7.267973568
0.00014241 ,91.14239999999998
0.00014158 ,90.61120000000001
0.00014772 ,94.54079999999999
5.99659524e-05 ,38.378209536
0.0001534 ,98.17599999999999
0.00011427 ,73.1328
3.10096642e-05 ,19.846185088000002
3.0601946e-05 ,19.58524544
2.55395194e-05 ,16.345292416
2.64421835e-05 ,16.92299744
0.00018607 ,119.0848
9.75149968e-05 ,62.409597952
0.0001718 ,109.952
0.00017232 ,110.2848
2.48790782e-05 ,15.922610048000001
0.00013563 ,86.8032
4.67180832e-05 ,29.899573247999996
0.00011138 ,71.2832
4.76696266e-05 ,30.508561024000002
0.00010157 ,65.0048
9.96588425e-05 ,63.7816592
0.00016251 ,104.00639999999999
0.00018519 ,118.5216
0.00017058 ,109.1712
3.80541076e-05 ,24.354628864
2.51171623e-05 ,16.074983872
3.41159297e-05 ,21.834195008
0.00012063 ,77.2032
7.26825121e-05 ,46.516807744
0.00013873 ,88.7872
2.54623566e-05 ,16.295908224
8.57979433e-05 ,54.91068371200001
9.96413157e-05 ,63.770442048
4.41282184e-05 ,28.242059775999998
7.48674859e-05 ,47.915190976000005
3.49368329e-05 ,22.359573056
0.00011987 ,76.7168
3.31051278e-05 ,21.187281792
7.03458689e-05 ,45.021356096
5.71045979e-05 ,36.546942656
9.14436462e-05 ,58.523933568000004
0.00013239 ,84.7296
0.00014469 ,92.60159999999999
0.000148 ,94.72
0.0001719 ,110.01599999999999
8.93580494e-05 ,57.189151616000004
8.42306515e-05 ,53.90761696
0.00014779 ,94.5856
8.26271943e-05 ,52.881404352000004
0.00018526 ,118.5664
0.00018215 ,116.57600000000001
9.09385819e-05 ,58.20069241600001
0.00018327 ,117.2928
0.00015744 ,100.76160000000002
4.6720989e-05 ,29.901432959999998
0.00010354 ,66.2656
0.00017022 ,108.94080000000001
1.57451561e-05 ,10.076899904000001
0.00017348 ,111.0272
5.79062061e-05 ,37.059971903999994
0.00015461 ,98.95040000000002
0.00013846 ,88.6144
7.92386838e-05 ,50.712757632
1.4198254e-05 ,9.08688256
7.46717591e-05 ,47.789925824
7.82912746e-05 ,50.106415744
6.13821464e-05 ,39.284573695999995
9.74865533e-05 ,62.391394112
0.00016629 ,106.42560000000002
0.00014714 ,94.1696
5.99074492e-05 ,38.340767488
4.60108464e-06 ,2.9446941696
0.0001411 ,90.30399999999999
2.1355655e-05 ,13.6676192
0.00017571 ,112.4544
1.446645e-06 ,0.9258528
0.00014037 ,89.83680000000001
0.00013232 ,84.6848
0.00018003 ,115.2192
0.00018121 ,115.9744
3.29489469e-05 ,21.087326016000002
0.00010977 ,70.25280000000001
0.00017768 ,113.71520000000001
4.81068466e-05 ,30.788381824000002
8.79499006e-05 ,56.287936384000005
0.00017605 ,112.672
2.96737149e-05 ,18.991177536
0.00013666 ,87.4624
2.5392803e-05 ,16.251393919999998
7.05721533e-05 ,45.166178112
0.00018566 ,118.82240000000002
0.00010456 ,66.9184
0.0001278 ,81.792
0.00013132 ,84.04480000000001
0.00016948 ,108.46720000000002
0.00014337 ,91.7568
8.82128055e-05 ,56.456195519999994
9.20517431e-05 ,58.913115583999996
6.33282563e-05 ,40.530084032
5.48434958e-05 ,35.099837312
3.43586607e-05 ,21.989542848
7.26408654e-05 ,46.490153856000006
0.00013516 ,86.5024
0.00011929 ,76.3456
9.249043e-05 ,59.1938752
3.92298617e-05 ,25.107111488
0.00011348 ,72.6272
9.98149587e-05 ,63.88157356800001
0.00012227 ,78.25280000000001
7.50258566e-05 ,48.016548224000005
0.00017643 ,112.91519999999998
8.23377507e-06 ,5.269616044799999
0.00012238 ,78.3232
4.45366553e-05 ,28.503459392
9.20571828e-05 ,58.916596991999995
0.00013803 ,88.3392
0.00011173 ,71.5072
0.00017086 ,109.35040000000001
9.25841234e-05 ,59.253838976
9.92201136e-05 ,63.500872704
0.00016794 ,107.4816
0.00014536 ,93.03040000000001
0.00011843 ,75.79520000000001
0.00018631 ,119.2384
0.0001264 ,80.89600000000002
0.00010425 ,66.72
5.49217897e-05 ,35.149945408
2.58377054e-05 ,16.536131456
0.00010731 ,68.6784
0.00013438 ,86.00319999999999
0.00014505 ,92.83200000000001
0.0001057 ,67.648
1.31147729e-05 ,8.393454656
9.35672239e-05 ,59.883023296
0.00016994 ,108.76159999999999
4.81531226e-05 ,30.817998464
2.73405676e-05 ,17.497963264
5.56703698e-05 ,35.629036672
0.00016185 ,103.584
0.00017628 ,112.81920000000001
6.879853e-05 ,44.0310592
3.95736136e-05 ,25.327112704
9.73958162e-05 ,62.333322368
0.00014515 ,92.896
7.88250932e-05 ,50.448059648
7.06707454e-05 ,45.229277056
0.00016883 ,108.05120000000001
0.00018302 ,117.13279999999999
5.63221763e-07 ,0.36046192832
0.00015979 ,102.2656
0.00013298 ,85.10719999999999
3.52236496e-05 ,22.543135744000004
0.00016235 ,103.904
0.00016491 ,105.5424
8.18659679e-05 ,52.394219456
6.9794939e-05 ,44.66876096
4.83355055e-05 ,30.93472352
6.72484033e-05 ,43.038978111999995
0.00010977 ,70.25280000000001
2.62799902e-05 ,16.819193728000002
0.00016958 ,108.53120000000001
0.00012534 ,80.21759999999999
0.00016486 ,105.51039999999999
9.85984982e-05 ,63.103038848000004
4.7586353e-05 ,30.45526592
0.00013862 ,88.71679999999999
3.80533041e-05 ,24.354114623999997
0.00011069 ,70.8416
5.76466351e-05 ,36.893846464
3.01985171e-05 ,19.327050944
4.45063108e-06 ,2.8484038912000003
0.00018015 ,115.29599999999999
2.05555337e-05 ,13.155541568000002
3.80882712e-05 ,24.376493568
3.32416056e-05 ,21.274627584
0.00018328 ,117.2992
2.70837088e-05 ,17.333573632
8.76710703e-05 ,56.109484992
8.44375139e-05 ,54.040008896
1.16098955e-05 ,7.43033312
0.00011812 ,75.5968
4.9340036e-06 ,3.1577623040000002
9.5107601e-05 ,60.86886464
0.00013674 ,87.5136
0.00012082 ,77.3248
0.00012942 ,82.82879999999999
1.72207531e-05 ,11.021281984
0.00016443 ,105.23519999999999
1.72190351e-05 ,11.020182464
1.71522103e-05 ,10.977414592
1.6387131e-05 ,10.48776384
0.00017113 ,109.5232
3.85938148e-05 ,24.700041472000002
4.00425468e-05 ,25.627229952
0.00017236 ,110.31040000000002
6.7250053e-05 ,43.04003392
0.00012342 ,78.9888
0.00015977 ,102.2528
0.00013902 ,88.9728
0.00016975 ,108.64000000000001
1.75904698e-05 ,11.257900671999998
0.00011404 ,72.9856
5.85669378e-05 ,37.482840192
0.00013062 ,83.59679999999999
6.56196834e-05 ,41.996597376000004
0.00011468 ,73.3952
4.38660537e-05 ,28.074274368000005
0.00018398 ,117.7472
3.77821933e-05 ,24.180603712
6.49396625e-05 ,41.561384000000004
1.77496108e-05 ,11.359750911999999
1.858378e-06 ,1.18936192
0.0001583 ,101.312
0.00014689 ,94.00959999999999
0.00013221 ,84.61440000000002
4.50057807e-05 ,28.803699648000002
2.00736957e-06 ,1.2847165248
4.55753626e-05 ,29.168232064
4.86480246e-05 ,31.134735744
5.57899837e-05 ,35.705589568
0.00018385 ,117.66399999999999
4.59558347e-05 ,29.411734208
0.00011187 ,71.5968
0.00016841 ,107.7824
0.00011091 ,70.9824
4.77625685e-05 ,30.568043839999998
0.00015706 ,100.51839999999999
4.33224609e-05 ,27.726374976
1.11813983e-05 ,7.156094912
7.26787916e-05 ,46.514426624
0.00013634 ,87.25760000000001
3.33474826e-05 ,21.342388864
0.00017257 ,110.4448
0.00010737 ,68.71679999999999
7.69787176e-05 ,49.26637926400001
0.00012871 ,82.37440000000001
5.45741715e-05 ,34.92746976
9.51778688e-05 ,60.913836032
0.00017422 ,111.5008
2.41508634e-05 ,15.456552576
2.90100619e-06 ,1.8566439616
8.47015384e-06 ,5.4208984576
0.00017027 ,108.9728
9.30408973e-05 ,59.546174271999995
0.00011867 ,75.9488
6.43569806e-05 ,41.188467584
9.85810808e-05 ,63.091891712
0.00018284 ,117.0176
0.00016168 ,103.47520000000002
3.96406104e-05 ,25.369990656000002
8.63083283e-05 ,55.237330112
0.00013722 ,87.82079999999999
0.0001098 ,70.27199999999999
3.68435018e-06 ,2.3579841152
3.39996027e-05 ,21.759745728
0.0001198 ,76.672
0.00017555 ,112.352
0.00012475 ,79.84
3.31142533e-05 ,21.193122112
0.0001232 ,78.84800000000001
0.00017442 ,111.6288
0.00017788 ,113.84320000000001
7.58411358e-05 ,48.538326912
4.49949371e-05 ,28.796759744
2.48145044e-05 ,15.881282815999999
0.00017219 ,110.20159999999998
6.89807509e-05 ,44.147680576
0.00013854 ,88.66560000000001
4.8035959e-05 ,30.743013760000004
0.00015696 ,100.45439999999999
1.54640732e-06 ,0.9897006848000001
5.07711473e-05 ,32.493534272
0.00017711 ,113.3504
8.77626678e-05 ,56.168107391999996
8.66580753e-05 ,55.461168192
0.000107 ,68.48
0.00012458 ,79.7312
4.92584719e-05 ,31.525422016
0.00010113 ,64.72319999999999
1.43746641e-05 ,9.199785024
0.00016128 ,103.2192
0.00015246 ,97.5744
5.90546341e-05 ,37.794965824
0.00013958 ,89.3312
0.00017938 ,114.8032
8.2711722e-05 ,52.93550208
4.71249897e-05 ,30.159993408000002
0.00016757 ,107.2448
0.00015573 ,99.66720000000001
5.70708025e-05 ,36.5253136
0.00014062 ,89.9968
0.0001282 ,82.048
0.0001015 ,64.96000000000001
0.00015368 ,98.35520000000001
1.95295776e-06 ,1.2498929664
5.34701059e-05 ,34.220867776
0.00010043 ,64.2752
0.00018303 ,117.1392
8.2379738e-05 ,52.723032319999994
0.00017917 ,114.6688
0.00011332 ,72.5248
0.00016868 ,107.95519999999999
0.00012106 ,77.4784
0.00010253 ,65.61919999999999
6.00986018e-05 ,38.463105152000004
4.83482835e-05 ,30.94290144
2.51863434e-06 ,1.6119259776
0.00012129 ,77.62559999999999
0.00012061 ,77.1904
0.0001263 ,80.832
0.00015045 ,96.288
9.76609561e-05 ,62.503011904000005
4.25432551e-05 ,27.227683264
9.20052864e-05 ,58.883383296
0.0001536 ,98.30399999999999
9.42932348e-05 ,60.347670272
4.38132386e-05 ,28.040472704000003
0.00011436 ,73.1904
0.00013302 ,85.1328
9.25468028e-05 ,59.229953791999996
3.49555595e-05 ,22.371558080000003
0.00015123 ,96.7872
3.96979879e-05 ,25.406712256000002
1.55094247e-05 ,9.926031808000001
5.34311307e-05 ,34.195923648000004
0.00012796 ,81.89439999999999
0.00014235 ,91.104
0.00011336 ,72.5504
7.50871492e-05 ,48.05577548800001
6.33895074e-05 ,40.569284736
0.00010832 ,69.3248
8.93035622e-05 ,57.154279808
0.00014018 ,89.7152
4.89322129e-05 ,31.316616256
0.00014307 ,91.5648
0.00013334 ,85.3376
0.00010213 ,65.3632
0.00015026 ,96.16639999999998
0.00018605 ,119.072
7.6371394e-05 ,48.87769216000001
3.59156201e-05 ,22.985996863999997
3.51247338e-05 ,22.479829632
0.00011527 ,73.7728
5.90867282e-06 ,3.7815506047999996
7.97193312e-05 ,51.020371968000006
4.43089341e-06 ,2.8357717824
7.81966066e-05 ,50.045828224
7.38931916e-05 ,47.291642624000005
1.06414128e-05 ,6.810504192
4.77983357e-05 ,30.590934848
0.00012069 ,77.24159999999999
1.03707134e-05 ,6.637256576
0.0001058 ,67.71199999999999
0.00017818 ,114.0352
7.32217537e-07 ,0.4686192236800001
0.00018221 ,116.6144
8.87850535e-05 ,56.82243424
0.00016264 ,104.0896
0.00013314 ,85.2096
0.00017386 ,111.2704
0.00016616 ,106.3424
0.00016613 ,106.3232
8.54213938e-05 ,54.669692032
5.78245048e-05 ,37.007683072
3.99042685e-05 ,25.53873184
1.47500828e-05 ,9.440052992
0.00011701 ,74.88640000000001
0.00013737 ,87.9168
0.00011516 ,73.7024
0.00013112 ,83.91680000000001
0.00017952 ,114.8928
0.00015501 ,99.20639999999999
0.00013557 ,86.7648
6.3534936e-05 ,40.66235904
0.00011029 ,70.5856
1.97407643e-07 ,0.12634089152
4.60346699e-05 ,29.462188735999998
1.36228347e-05 ,8.718614208
0.00011537 ,73.8368
9.29950473e-05 ,59.51683027200001
3.35410367e-05 ,21.466263488000003
4.84265014e-05 ,30.992960895999996
0.00014955 ,95.71200000000002
2.80362805e-05 ,17.94321952
9.85875676e-05 ,63.096043263999995
1.41578932e-05 ,9.061051648
6.58181977e-05 ,42.12364652800001
0.00011883 ,76.05120000000001
0.00018131 ,116.0384
0.00015231 ,97.4784
0.00010412 ,66.63680000000001
4.09737573e-05 ,26.223204672
0.00011021 ,70.5344
8.08836339e-05 ,51.765525696
9.03512864e-05 ,57.824823296000005
1.32623527e-05 ,8.487905728000001
2.91135306e-05 ,18.632659584
7.59229516e-05 ,48.590689024
8.38429754e-05 ,53.659504256000005
0.00015041 ,96.26239999999999
4.3987456e-05 ,28.15197184
9.63680761e-05 ,61.67556870399999
0.00012534 ,80.21759999999999
4.36620989e-05 ,27.943743296
0.00016446 ,105.2544
4.32089489e-05 ,27.653727296
0.00010792 ,69.0688
7.15598167e-05 ,45.798282688
0.00013104 ,83.8656
3.61216539e-07 ,0.23117858496
0.00017956 ,114.91839999999999
0.00012523 ,80.14719999999998
0.00016981 ,108.6784
0.00017236 ,110.31040000000002
0.00018044 ,115.48159999999999
0.00012644 ,80.9216
7.13676273e-05 ,45.675281472
0.00013134 ,84.05760000000001
0.00011814 ,75.6096
0.00013994 ,89.56159999999998
4.65452033e-05 ,29.788930112
3.40501315e-05 ,21.792084159999998
8.5243016e-05 ,54.55553024
4.78022092e-06 ,3.0593413888
0.00014074 ,90.0736
5.6625913e-05 ,36.240584319999996
0.00014547 ,93.10079999999999
4.18106294e-06 ,2.6758802816000005
0.00012083 ,77.3312
3.67944054e-06 ,2.3548419456
0.00014645 ,93.728
2.5593043e-05 ,16.379547520000003
0.00011146 ,71.33439999999999
0.00015006 ,96.0384
8.17110826e-05 ,52.295092864
6.19105037e-05 ,39.622722368
4.28855431e-05 ,27.446747584
9.64014736e-05 ,61.696943104
0.00010705 ,68.512
8.0725778e-05 ,51.66449792000001
7.95289483e-05 ,50.898526912
0.000132 ,84.48
7.39316702e-05 ,47.316268928
0.00010608 ,67.8912
8.45790431e-06 ,5.4130587584
0.00012019 ,76.9216
7.19930668e-05 ,46.075562751999996
2.50316857e-05 ,16.020278848
0.00014086 ,90.1504
8.33253173e-06 ,5.3328203072
6.78638571e-05 ,43.432868544
7.3144757e-05 ,46.81264448
9.48987039e-05 ,60.735170496
5.35422286e-05 ,34.267026304000005
8.66507795e-05 ,55.45649888
6.8532829e-05 ,43.86101056
0.00013109 ,83.89759999999998
7.90609586e-05 ,50.599013504000006
0.0001111 ,71.104
6.06467682e-05 ,38.813931648
7.07438648e-05 ,45.276073472
0.00016236 ,103.91040000000001
2.4943048e-05 ,15.963550719999999
2.24175487e-05 ,14.347231167999999
3.29938659e-05 ,21.116074175999998
0.00014782 ,94.60480000000001
1.67163171e-05 ,10.698442944
0.0001041 ,66.624
4.07322525e-05 ,26.068641600000003
8.37549783e-05 ,53.603186111999996
6.54708605e-05 ,41.90135072
0.00015678 ,100.3392
0.00011976 ,76.6464
5.0416329e-05 ,32.26645056
3.58859242e-05 ,22.966991487999998
0.00014713 ,94.1632
6.58298436e-05 ,42.131099904
7.63831341e-05 ,48.885205823999996
8.41306346e-05 ,53.843606144000006
9.25435639e-05 ,59.227880896
0.00018617 ,119.14879999999998
9.97410329e-05 ,63.834261056
0.00014732 ,94.28479999999999
0.0001835 ,117.44
4.4046002e-05 ,28.189441279999997
7.6860029e-05 ,49.19041856
0.00017067 ,109.22879999999999
0.00017443 ,111.6352
5.59436228e-06 ,3.5803918592
0.0001687 ,107.96800000000002
4.79270656e-05 ,30.673321983999998
0.00011542 ,73.86880000000001
0.00012433 ,79.5712
6.29046613e-05 ,40.258983232
0.00013678 ,87.53920000000001
0.00012113 ,77.5232
4.24949801e-05 ,27.196787264
0.00016197 ,103.6608
6.00824234e-06 ,3.8452750976
0.00017924 ,114.71360000000001
0.00018544 ,118.68160000000002
4.32039781e-05 ,27.650545983999997
6.10979646e-05 ,39.102697344
0.00010055 ,64.352
0.00017676 ,113.1264
0.000133 ,85.12
7.02398636e-05 ,44.953512704
0.00015259 ,97.6576
0.00013159 ,84.2176
4.46753427e-05 ,28.592219328
0.00011251 ,72.0064
0.00011333 ,72.5312
9.76461592e-05 ,62.493541887999996
0.00014631 ,93.63839999999999
7.05988575e-05 ,45.1832688
8.11618867e-05 ,51.943607488
7.6999994e-05 ,49.27999616
3.62646433e-05 ,23.209371712
0.000182 ,116.47999999999999
0.00011139 ,71.28960000000001
6.49232818e-05 ,41.550900352000006
2.63425102e-05 ,16.859206528
0.00011297 ,72.3008
0.0001577 ,100.928
5.72281466e-05 ,36.626013824
2.84235298e-06 ,1.8191059072000002
0.00016846 ,107.8144
8.27880086e-05 ,52.984325504000005
0.00017378 ,111.21920000000001
3.66403791e-05 ,23.449842624000002
6.11449955e-05 ,39.13279712
0.00012295 ,78.688
0.00011018 ,70.5152
3.39570608e-05 ,21.732518911999996
5.69937253e-05 ,36.475984192
0.00014234 ,91.0976
0.00017061 ,109.19039999999998
0.00012538 ,80.2432
0.00015059 ,96.3776
0.00011047 ,70.7008
0.00018147 ,116.14080000000001
7.70141941e-06 ,4.9289084224
0.00016655 ,106.592
0.00014408 ,92.21119999999999
8.38531018e-05 ,53.665985152
7.09219175e-05 ,45.3900272
1.90275522e-05 ,12.177633407999998
0.00012589 ,80.56960000000001
7.61148023e-05 ,48.713473472000004
0.00012446 ,79.65440000000001
0.00010621 ,67.9744
0.00018301 ,117.1264
4.02612758e-06 ,2.5767216512
0.00016526 ,105.76639999999999
3.53936972e-05 ,22.651966208000005
0.00013872 ,88.7808
0.00014848 ,95.0272
0.0001569 ,100.416
7.49080715e-05 ,47.94116576
0.00014389 ,92.08960000000002
6.94395809e-05 ,44.441331776000006
0.00010038 ,64.2432
8.3132576e-06 ,5.320484863999999
0.00010149 ,64.95360000000001
1.90903773e-05 ,12.217841472000002
4.74764517e-05 ,30.384929088
3.1917021e-05 ,20.426893439999997
0.00010857 ,69.4848
0.0001046 ,66.944
0.00013745 ,87.96800000000002
3.50190955e-05 ,22.412221119999998
0.00018052 ,115.53280000000001
5.81495194e-05 ,37.215692416
0.00011983 ,76.6912
0.00013012 ,83.27680000000001
0.00017657 ,113.0048
0.00010051 ,64.3264
0.00013303 ,85.13919999999999
0.00011984 ,76.6976
5.09379249e-06 ,3.2600271935999996
9.87180088e-05 ,63.179525631999994
5.57593419e-05 ,35.685978816
1.43238821e-06 ,0.9167284544
3.61825042e-06 ,2.3156802688
0.00015294 ,97.88160000000002
5.54990318e-05 ,35.519380352
0.00014839 ,94.9696
0.00011515 ,73.696
0.00017936 ,114.79039999999999
5.96157451e-05 ,38.154076864
8.0269762e-05 ,51.37264768000001
9.77654762e-05 ,62.569904768
0.000111 ,71.04
9.5012475e-05 ,60.807984
0.00012142 ,77.7088
9.24155686e-05 ,59.145963904
6.09177206e-05 ,38.987341183999995
4.15602863e-05 ,26.598583232
0.00017796 ,113.8944
7.34853976e-05 ,47.030654463999994
0.00010513 ,67.2832
0.00015645 ,100.128
0.00018232 ,116.68480000000001
6.8459393e-05 ,43.81401152000001
0.00013018 ,83.31519999999999
5.49153533e-05 ,35.145826111999995
7.00160832e-05 ,44.81029324800001
0.00011921 ,76.29440000000001
0.00014388 ,92.0832
0.00016066 ,102.8224
0.0001701 ,108.864
7.73042432e-05 ,49.47471564800001
0.00010294 ,65.8816
1.83895127e-05 ,11.769288128000001
0.0001782 ,114.048
0.00018352 ,117.45280000000001
0.00012417 ,79.4688
4.8004939e-05 ,30.723160959999998
6.61680125e-06 ,4.2347528
8.09776845e-05 ,51.825718079999994
3.87145002e-05 ,24.777280128
0.00016398 ,104.94720000000001
0.00013572 ,86.86080000000001
1.89652978e-05 ,12.137790592
4.37486815e-05 ,27.999156160000002
0.00011235 ,71.904
0.00014173 ,90.70720000000001
2.50835631e-05 ,16.053480383999997
9.33861694e-05 ,59.767148416
8.11839254e-05 ,51.95771225599999
0.00012846 ,82.2144
0.00017095 ,109.40800000000002
5.37609964e-05 ,34.407037695999996
9.43257291e-05 ,60.36846662399999
0.00014047 ,89.90079999999999
0.00012382 ,79.2448
0.00018245 ,116.768
0.00014723 ,94.2272
2.7153682e-05 ,17.37835648
0.00015963 ,102.16319999999999
5.93313018e-06 ,3.7972033152
5.39514375e-05 ,34.52892
8.78717466e-05 ,56.23791782400001
0.00014107 ,90.2848
0.0001428 ,91.39200000000001
0.0001224 ,78.336
0.00017123 ,109.5872
3.75741028e-05 ,24.047425792000002
9.73680722e-05 ,62.315566208
6.41464813e-05 ,41.053748032
5.26963656e-05 ,33.725673984000004
2.06970132e-06 ,1.3246088447999997
9.64536855e-05 ,61.730358720000005
0.00014376 ,92.0064
0.00013822 ,88.46079999999999
2.85529209e-05 ,18.273869376
0.00017029 ,108.9856
0.00015281 ,97.7984
0.0001483 ,94.91199999999999
1.1250542e-05 ,7.200346880000001
2.18619515e-05 ,13.991648960000001
2.31985873e-05 ,14.847095872
5.81931764e-05 ,37.243632896
8.38670967e-05 ,53.674941888000006
5.49289728e-05 ,35.154542592
0.00013665 ,87.45599999999999
4.90098736e-05 ,31.366319104000002
3.03494122e-05 ,19.423623808000002
0.00014185 ,90.784
0.00017645 ,112.928
9.60937319e-05 ,61.49998841600001
0.00010751 ,68.80640000000001
5.46336915e-05 ,34.965562559999995
0.00012398 ,79.3472
4.70366221e-05 ,30.103438144000002
0.00017299 ,110.7136
0.00017185 ,109.98400000000001
1.89390563e-05 ,12.120996032
4.88690406e-05 ,31.276185984
7.72411164e-05 ,49.434314496
6.70925789e-05 ,42.939250496
5.1774281e-05 ,33.13553984
0.00014052 ,89.93279999999999
0.00011133 ,71.25120000000001
6.51486383e-06 ,4.1695128512
2.85404434e-05 ,18.265883776
0.00016987 ,108.71679999999999
0.00015981 ,102.2784
0.00017164 ,109.84960000000001
2.84166781e-05 ,18.186673984
2.86011368e-05 ,18.304727552
0.0001228 ,78.592
0.00012355 ,79.072
4.44269415e-06 ,2.843324256
0.0001868 ,119.55199999999999
7.94040609e-05 ,50.81859897599999
2.80850056e-05 ,17.974403584
7.31571457e-05 ,46.820573248
4.68404023e-05 ,29.977857472
7.45910698e-05 ,47.73828467199999
4.06655699e-05 ,26.025964736
9.03264757e-05 ,57.80894444799999
7.08805646e-05 ,45.363561344000004
0.00016021 ,102.5344
5.56762674e-05 ,35.632811136
0.0001216 ,77.824
0.00015785 ,101.024
8.33359275e-05 ,53.33499359999999
6.56231472e-05 ,41.998814208
0.00010363 ,66.3232
0.0001218 ,77.952
1.2209351e-05 ,7.81398464
5.05912521e-05 ,32.378401344
5.3980329e-05 ,34.54741056
8.62359096e-05 ,55.190982144
8.88821419e-06 ,5.6884570816
5.4553917e-05 ,34.91450688
4.66176976e-05 ,29.835326464
4.91043158e-05 ,31.426762112
9.51515428e-06 ,6.089698739199999
0.00011173 ,71.5072
3.68022979e-05 ,23.553470656000002
1.03085832e-05 ,6.597493248
0.00016601 ,106.2464
0.00014921 ,95.49439999999998
0.00011475 ,73.44
0.00018428 ,117.9392
0.00012142 ,77.7088
0.00013307 ,85.1648
8.6096183e-05 ,55.101557119999995
0.0001348 ,86.272
2.59952547e-06 ,1.6636963007999999
9.17097749e-05 ,58.694255936
7.87996379e-05 ,50.431768256
0.00010875 ,69.6
2.82681025e-05 ,18.091585600000002
3.63386677e-05 ,23.256747328
8.06786338e-06 ,5.1634325632
2.28047316e-05 ,14.595028224
1.98996237e-05 ,12.735759168000001
0.00018496 ,118.3744
0.00011761 ,75.2704
2.32272216e-06 ,1.4865421824
0.00014421 ,92.2944
0.00018682 ,119.5648
0.00010918 ,69.8752
0.00015799 ,101.11359999999999
0.0001254 ,80.256
0.00016475 ,105.43999999999998
4.85439834e-05 ,31.068149376
6.76208949e-05 ,43.277372736000004
0.00015635 ,100.06400000000001
5.02204567e-05 ,32.141092287999996
8.94961633e-05 ,57.277544512
2.07382191e-05 ,13.272460224
0.00014482 ,92.6848
8.81015061e-05 ,56.384963904
0.00017653 ,112.97919999999999
3.5219218e-05 ,22.540299519999998
0.00010745 ,68.768
7.3066441e-06 ,4.676252224
0.00015256 ,97.6384
6.07254467e-05 ,38.864285888
0.00018569 ,118.8416
4.30233347e-05 ,27.534934208
0.00011169 ,71.4816
0.00016264 ,104.0896
5.75088275e-05 ,36.805649599999995
3.07368589e-05 ,19.671589696
1.57091334e-05 ,10.053845375999998
2.19649161e-05 ,14.057546303999999
2.21640379e-05 ,14.184984256
8.45924007e-05 ,54.139136448
9.82153513e-05 ,62.857824832000006
0.00013867 ,88.74879999999999
0.00014053 ,89.93920000000001
8.82164979e-05 ,56.458558655999994
0.00014581 ,93.3184
0.00017476 ,111.8464
5.60381188e-05 ,35.864396031999995
0.00012922 ,82.7008
7.9409612e-05 ,50.822151680000005
3.68380128e-05 ,23.576328192
5.34692738e-05 ,34.220335232000004
1.54797327e-05 ,9.907028927999999
5.18854293e-05 ,33.206674752
0.00014177 ,90.73279999999998
0.00010071 ,64.4544
0.0001227 ,78.528
0.00018356 ,117.4784
8.81637991e-05 ,56.424831424
0.00010679 ,68.34559999999999
0.00013316 ,85.2224
1.87282377e-05 ,11.986072128
7.70709779e-05 ,49.325425855999995
0.00012839 ,82.1696
3.7667523e-06 ,2.410721472
4.70270535e-05 ,30.09731424
0.00013742 ,87.94879999999999
0.00015846 ,101.4144
0.00016238 ,103.9232
2.77023272e-05 ,17.729489408
2.5958906e-05 ,16.61369984
5.06120779e-05 ,32.391729856
2.93306101e-06 ,1.8771590464
0.00013392 ,85.7088
9.96602811e-06 ,6.3782579904
0.00015073 ,96.46719999999999
9.73209167e-05 ,62.285386688
0.0001141 ,73.024
9.99352716e-05 ,63.958573824
7.66287794e-05 ,49.042418816
6.52786481e-05 ,41.778334784
0.00014919 ,95.48159999999999
2.69769526e-05 ,17.265249664
1.49991394e-05 ,9.599449216
0.00016432 ,105.1648
0.00010037 ,64.2368
0.00015887 ,101.67680000000001
5.65034258e-05 ,36.162192512
5.08089494e-05 ,32.517727616
5.33265789e-05 ,34.12901049600001
0.00014575 ,93.28
0.00016692 ,106.8288
0.00014885 ,95.26400000000001
7.13761282e-05 ,45.680722048
0.00016393 ,104.91520000000001
0.0001379 ,88.256
0.00016549 ,105.9136
7.24441007e-05 ,46.364224448
0.00015016 ,96.10240000000002
0.00015846 ,101.4144
7.022054e-05 ,44.9411456
0.00015531 ,99.39840000000001
2.83153875e-05 ,18.121848
0.00015897 ,101.74080000000001
0.00018364 ,117.5296
4.58122582e-05 ,29.319845248
0.0001661 ,106.304
2.92031112e-05 ,18.689991168000002
0.00018192 ,116.4288
5.7824478e-05 ,37.00766592
0.0001261 ,80.704
0.0001361 ,87.104
3.17103332e-05 ,20.294613248
0.00011217 ,71.78880000000001
2.2571484e-05 ,14.44574976
4.71164576e-05 ,30.154532864
0.00015043 ,96.27520000000001
9.06469519e-05 ,58.014049216
6.99322883e-05 ,44.75666451199999
0.00013667 ,87.46880000000002
0.0001494 ,95.616
5.9323395e-05 ,37.9669728
7.26134179e-05 ,46.47258745599999
0.00015282 ,97.80479999999999
8.28909118e-05 ,53.05018355200001
0.00011961 ,76.55040000000001
0.00016186 ,103.5904
9.87731909e-05 ,63.214842176000005
2.51220147e-05 ,16.078089408
8.45396929e-05 ,54.105403456000005
0.00011009 ,70.4576
4.83628869e-05 ,30.952247616
3.78865379e-05 ,24.247384256000004
0.00012477 ,79.85280000000002
0.0001477 ,94.52800000000002
3.06714368e-05 ,19.629719551999997
0.00012801 ,81.92639999999999
0.00010974 ,70.2336
4.23592505e-05 ,27.10992032
2.1337221e-05 ,13.65582144
6.36487476e-05 ,40.735198464
0.00012956 ,82.9184
3.28115798e-05 ,20.999411071999997
0.00018072 ,115.6608
5.32147864e-05 ,34.057463296
0.00014477 ,92.65280000000001
4.92635773e-05 ,31.528689472
0.00013314 ,85.2096
7.67648986e-05 ,49.129535104000006
0.00013211 ,84.5504
4.42433731e-06 ,2.8315758784
0.0001278 ,81.792
4.50558751e-05 ,28.835760064
0.00014546 ,93.09440000000001
8.90276212e-07 ,0.56977677568
8.78933078e-06 ,5.6251716992
2.25918424e-05 ,14.458779136
0.00016268 ,104.11520000000002
2.73509825e-05 ,17.504628800000003
7.6457487e-06 ,4.893279167999999
7.79592653e-05 ,49.893929791999994
0.00013876 ,88.8064
5.45315641e-06 ,3.4900201024
8.01314846e-05 ,51.284150143999994
0.00015953 ,102.0992
2.12252668e-05 ,13.584170752
0.00014192 ,90.8288
7.52164781e-06 ,4.8138545984
6.34067588e-05 ,40.580325632000005
9.15900779e-05 ,58.61764985600001
3.94316631e-06 ,2.5236264384
6.47516893e-05 ,41.441081151999995
0.00014257 ,91.2448
0.00018033 ,115.4112
0.00015737 ,100.71679999999999
4.76857233e-05 ,30.518862912000003
0.00017256 ,110.4384
7.73478524e-05 ,49.502625536
0.00017429 ,111.54560000000001
0.00017078 ,109.29919999999998
0.00016272 ,104.14079999999998
4.75646575e-05 ,30.4413808
0.00011133 ,71.25120000000001
8.97179172e-05 ,57.419467008
3.36588906e-05 ,21.541689983999998
0.00013331 ,85.31840000000001
0.00010924 ,69.9136
7.05286907e-05 ,45.138362048000005
3.54725643e-05 ,22.702441152000002
0.00014258 ,91.25120000000001
3.83959033e-05 ,24.573378112
0.00012846 ,82.2144
8.95478867e-05 ,57.31064748800001
0.000106 ,67.84
4.77827605e-05 ,30.58096672
4.47500704e-05 ,28.640045056
0.00016594 ,106.2016
0.00013732 ,87.8848
0.00013193 ,84.4352
0.00013358 ,85.4912
0.00011919 ,76.2816
0.0001404 ,89.856
0.00013724 ,87.8336
0.00011031 ,70.5984
0.00012332 ,78.9248
2.875036e-05 ,18.400230399999998
0.0001512 ,96.768
5.29707089e-05 ,33.901253696
0.00014487 ,92.7168
0.00014586 ,93.3504
4.21089983e-05 ,26.949758912000004
0.00014961 ,95.7504
6.03244836e-05 ,38.607669504
0.00015699 ,100.47359999999999
8.27950151e-05 ,52.988809663999994
4.01644606e-05 ,25.705254784
3.94324826e-06 ,2.5236788864
0.00015477 ,99.05280000000002
5.39182551e-05 ,34.507683264
1.590987e-05 ,10.182316799999999
8.1134874e-05 ,51.92631936000001
0.00017035 ,109.024
0.00012291 ,78.6624
9.38642551e-06 ,6.007312326400001
3.15743491e-05 ,20.207583424
6.41173281e-06 ,4.1035089984
0.00012401 ,79.3664
0.0001146 ,73.344
6.18308005e-05 ,39.571712319999996
3.72987726e-05 ,23.871214464
0.00017826 ,114.0864
0.00017037 ,109.03680000000001
0.0001288 ,82.432
0.00010826 ,69.2864
5.46661599e-05 ,34.986342336
0.00018084 ,115.7376
5.94956203e-05 ,38.077196992000005
8.97631125e-05 ,57.448392
5.6331878e-05 ,36.05240192
0.00015985 ,102.30400000000002
0.00017262 ,110.47680000000001
0.00014149 ,90.5536
5.21314734e-05 ,33.364142976000004
0.00015163 ,97.04320000000001
0.00017047 ,109.1008
0.0001513 ,96.832
2.32116209e-05 ,14.855437376000001
0.00017006 ,108.83840000000001
4.96281033e-05 ,31.761986112000002
2.56110588e-05 ,16.391077632
3.77363009e-05 ,24.151232575999998
0.00010077 ,64.4928
0.00016781 ,107.39840000000001
0.00015097 ,96.6208
0.00010092 ,64.5888
4.01535588e-06 ,2.5698277632
2.63678007e-05 ,16.875392448
1.28177976e-05 ,8.203390464
4.31726961e-05 ,27.630525504000005
0.00017073 ,109.2672
9.55707337e-05 ,61.16526956800001
6.29249989e-05 ,40.271999296000004
8.87392927e-05 ,56.793147328
4.4038201e-05 ,28.18444864
9.93335724e-06 ,6.357348633600001
0.0001038 ,66.432
6.70196514e-05 ,42.892576895999994
1.62474619e-05 ,10.398375616
0.00014198 ,90.8672
0.00013048 ,83.50720000000001
9.35997291e-05 ,59.903826624000004
0.00015267 ,97.7088
9.03692884e-05 ,57.836344576
3.3191056e-05 ,21.24227584
8.70723584e-05 ,55.726309375999996
0.00013277 ,84.9728
0.00012646 ,80.93440000000001
0.00012624 ,80.79360000000001
0.0001632 ,104.44800000000001
6.46672958e-05 ,41.387069311999994
6.63467051e-06 ,4.2461891264
0.00018296 ,117.0944
4.81841785e-05 ,30.83787424
0.00014604 ,93.4656
0.00015255 ,97.63199999999999
4.74757095e-05 ,30.384454079999998
2.46692232e-05 ,15.788302848
0.00014897 ,95.3408
0.00012943 ,82.83520000000001
0.00014961 ,95.7504
2.27316649e-05 ,14.548265536
2.08924953e-06 ,1.3371196992
8.28271933e-05 ,53.009403712
5.29467606e-05 ,33.885926784
0.00012416 ,79.4624
0.00013429 ,85.9456
6.76226281e-05 ,43.278481983999995
4.83378784e-06 ,3.0936242176
4.23370437e-06 ,2.7095707968
9.91944376e-06 ,6.3484440064
0.0001787 ,114.368
0.00012856 ,82.2784
6.20906289e-05 ,39.738002496
0.00014715 ,94.176
0.00011266 ,72.1024
1.26108923e-05 ,8.070971071999999
0.00014499 ,92.7936
3.90306254e-05 ,24.979600255999998
1.70346888e-06 ,1.0902200832
4.48324335e-05 ,28.69275744
0.00013788 ,88.2432
0.00013142 ,84.1088
0.0001719 ,110.01599999999999
1.5389414e-05 ,9.84922496
4.8943848e-05 ,31.324062720000004
9.33874311e-05 ,59.767955904000004
9.47113139e-06 ,6.0615240896
0.00011875 ,76.0
8.06538783e-05 ,51.61848211200001
8.68659266e-05 ,55.594193024000006
0.00014328 ,91.69919999999999
0.00010141 ,64.9024
0.00015354 ,98.2656
2.84482996e-05 ,18.206911744
0.00012698 ,81.2672
0.00018712 ,119.7568
1.72220734e-05 ,11.022126976000003
0.00018035 ,115.42399999999999
4.89260974e-05 ,31.312702336
7.73250115e-05 ,49.48800736
0.00017782 ,113.8048
0.00011773 ,75.3472
0.0001861 ,119.10399999999998
0.00011537 ,73.8368
0.00013474 ,86.2336
6.52169615e-05 ,41.73885536
6.16060441e-05 ,39.427868224
0.00016894 ,108.12159999999999
1.39923609e-05 ,8.955110976
4.16625635e-06 ,2.666404064
4.32129369e-05 ,27.656279616
9.0987957e-05 ,58.23229248
7.48434357e-07 ,0.47899798848
0.00017249 ,110.3936
8.43814819e-05 ,54.004148416
5.46681788e-05 ,34.987634432
0.00015908 ,101.8112
0.00011686 ,74.7904
0.00016393 ,104.91520000000001
6.81897434e-05 ,43.641435776
3.69973143e-05 ,23.678281152
0.00015471 ,99.0144
6.46280039e-05 ,41.361922496
4.45067599e-05 ,28.484326336
9.33033694e-05 ,59.714156415999994
2.99407963e-05 ,19.162109632
6.4121101e-05 ,41.03750464
0.00017391 ,111.30239999999999
3.67177343e-05 ,23.499349952
6.95793455e-05 ,44.53078112
6.4849323e-05 ,41.50356672
6.13898614e-05 ,39.289511296
0.00011136 ,71.2704
6.42776673e-05 ,41.137707072000005
7.9225092e-05 ,50.70405888
0.00010555 ,67.552
6.36188675e-05 ,40.716075200000006
8.53579263e-05 ,54.629072832
0.00011264 ,72.0896
0.00015585 ,99.744
0.00018602 ,119.05280000000002
5.97930573e-05 ,38.267556672
8.20472088e-05 ,52.510213632
0.00011362 ,72.7168
1.81439098e-05 ,11.612102272
6.27195508e-05 ,40.14051251200001
9.76942928e-06 ,6.2524347392
6.69083096e-06 ,4.2821318144
0.00011085 ,70.944
4.82207623e-05 ,30.861287872000002
7.08829471e-05 ,45.365086144
2.00863264e-06 ,1.2855248896
0.00016044 ,102.6816
0.00016551 ,105.92640000000002
5.52574446e-05 ,35.364764544
7.30891461e-05 ,46.777053504
7.59544705e-05 ,48.610861119999996
3.23337007e-05 ,20.693568448
0.00011413 ,73.04320000000001
7.48861665e-05 ,47.927146560000004
0.00013742 ,87.94879999999999
9.67790723e-05 ,61.938606272
0.00011519 ,73.7216
6.72868575e-05 ,43.06358879999999
0.00012847 ,82.2208
0.00015875 ,101.6
9.93655453e-05 ,63.593948991999994
0.00017716 ,113.38239999999999
3.30686843e-05 ,21.163957952000004
9.73674402e-05 ,62.315161728
0.00015216 ,97.38240000000002
0.00010182 ,65.1648
0.00014097 ,90.22080000000001
2.44621487e-05 ,15.655775167999998
0.00010171 ,65.0944
0.00015119 ,96.76159999999999
2.50249989e-05 ,16.015999296
0.0001231 ,78.784
8.74510075e-05 ,55.9686448
4.28436064e-05 ,27.419908096
5.56554067e-05 ,35.619460288
2.52189696e-05 ,16.140140543999998
5.96544405e-05 ,38.178841919999996
0.00015004 ,96.0256
7.67923406e-05 ,49.147097984000006
9.87690482e-06 ,6.321219084800001
0.00016974 ,108.6336
0.00011373 ,72.7872
7.00214351e-05 ,44.813718464000004
0.00011832 ,75.7248
9.56917899e-05 ,61.242745536
9.73849907e-05 ,62.326394048
0.0001083 ,69.31200000000001
1.15228385e-05 ,7.37461664
8.66608735e-05 ,55.46295904000001
0.00016935 ,108.384
0.00010896 ,69.7344
6.39457635e-05 ,40.925288640000005
0.00016438 ,105.2032
8.93040805e-06 ,5.715461152
2.81604815e-06 ,1.802270816
0.00016174 ,103.5136
1.80311931e-05 ,11.539963583999999
5.67663375e-05 ,36.330456
0.00016339 ,104.56959999999998
8.89225632e-05 ,56.910440448
0.00016972 ,108.62079999999999
6.79860134e-05 ,43.511048576
1.15029871e-05 ,7.3619117439999995
0.00016793 ,107.4752
0.00014513 ,92.88319999999999
2.59474987e-05 ,16.606399168000003
6.27152141e-05 ,40.137737024
7.28203569e-05 ,46.605028416
0.00010866 ,69.5424
7.01442684e-05 ,44.892331776
0.00018102 ,115.85279999999999
0.00011537 ,73.8368
0.00016176 ,103.5264
0.00011257 ,72.04480000000001
0.00011758 ,75.2512
0.00011759 ,75.2576
0.00013301 ,85.12639999999999
0.0001439 ,92.096
1.23918115e-05 ,7.930759360000001
0.00017853 ,114.25920000000002
3.42958523e-05 ,21.949345471999997
9.43737379e-05 ,60.399192256000006
4.14393892e-05 ,26.521209088000003
6.37257793e-05 ,40.784498752
6.19991978e-05 ,39.679486591999996
0.00013674 ,87.5136
0.0001366 ,87.42400000000002
5.74158654e-05 ,36.746153856
3.75704293e-05 ,24.045074751999998
4.25477437e-05 ,27.230555968
0.00011087 ,70.9568
0.0001739 ,111.29599999999999
0.00018523 ,118.54719999999999
0.00015951 ,102.0864
7.01619484e-05 ,44.903646976
0.00015295 ,97.888
0.00014502 ,92.81279999999998
0.00013369 ,85.5616
3.55654419e-05 ,22.761882816
0.00013876 ,88.8064
0.00010599 ,67.8336
0.00011107 ,71.0848
0.00014477 ,92.65280000000001
2.5364284e-05 ,16.233141760000002
0.0001684 ,107.776
0.0001851 ,118.464
0.00012258 ,78.4512
0.00010931 ,69.9584
2.11162394e-05 ,13.514393216
8.45576447e-05 ,54.116892608
3.43385834e-05 ,21.976693376
1.14499447e-05 ,7.327964608
2.27716119e-06 ,1.4573831616
4.38196174e-05 ,28.044555136000003
0.00014145 ,90.52799999999999
0.00015987 ,102.3168
8.01082088e-05 ,51.269253632
0.00018655 ,119.39200000000001
0.00011064 ,70.8096
0.00016256 ,104.0384
6.97181087e-05 ,44.619589567999995
7.71143958e-05 ,49.353213312
0.00013593 ,86.9952
0.00014799 ,94.71360000000001
0.00012272 ,78.54079999999999
6.08386673e-06 ,3.8936747071999998
6.83430794e-05 ,43.739570816
2.82739182e-05 ,18.095307648000002
0.00016026 ,102.56639999999999
0.00018341 ,117.38240000000002
0.00017654 ,112.98559999999998
1.82767992e-05 ,11.697151488000001
0.00011134 ,71.2576
6.50730893e-05 ,41.646777152
7.7389162e-05 ,49.52906368
0.00015261 ,97.6704
0.00012609 ,80.69760000000001
0.00012908 ,82.6112
0.0001132 ,72.448
4.90060149e-05 ,31.363849536
6.051466e-05 ,38.729382400000006
9.79456539e-05 ,62.685218496
0.00017689 ,113.2096
6.91854602e-05 ,44.278694527999996
1.36471728e-05 ,8.734190592
0.00010954 ,70.1056
1.55974621e-05 ,9.982375743999999
0.00011357 ,72.6848
0.00015228 ,97.4592
5.57729611e-05 ,35.694695104000004
0.00011044 ,70.6816
0.00016249 ,103.9936
0.00013497 ,86.3808
4.55249239e-05 ,29.135951296
3.96048197e-05 ,25.347084607999996
0.00015236 ,97.51040000000002
1.91489919e-05 ,12.255354815999999
3.70868699e-05 ,23.735596735999998
5.68154583e-05 ,36.361893312
4.51456649e-05 ,28.893225536
9.88341752e-05 ,63.253872128
0.00015652 ,100.1728
0.00016567 ,106.0288
1.44099784e-05 ,9.222386176
0.00016636 ,106.47040000000001
1.75335697e-05 ,11.221484608
6.18741734e-05 ,39.599470976
8.13223071e-05 ,52.046276544
0.00018013 ,115.2832
0.00017068 ,109.23520000000002
0.00010834 ,69.3376
4.30207815e-05 ,27.53330016
4.72529492e-05 ,30.241887488
8.57279954e-05 ,54.865917056
9.62157681e-05 ,61.578091584
0.00011396 ,72.93440000000001
0.00010537 ,67.4368
0.00012606 ,80.67840000000001
1.55835785e-05 ,9.973490239999999
7.76265757e-05 ,49.681008448
2.74273387e-05 ,17.553496768
0.00016147 ,103.3408
2.59551451e-06 ,1.6611292864
1.91228891e-05 ,12.238649024
0.00014827 ,94.8928
9.02170786e-05 ,57.738930304
1.17836363e-05 ,7.541527232
5.8838236e-05 ,37.65647104
8.15005251e-05 ,52.160336064
5.30260895e-06 ,3.393669728
6.59007179e-05 ,42.176459456
0.00011896 ,76.1344
0.00010684 ,68.3776
0.00018599 ,119.03359999999999
5.77573322e-05 ,36.964692608
5.86482724e-05 ,37.534894336
0.00017999 ,115.19359999999999
0.00014763 ,94.48319999999998
6.0304152e-05 ,38.59465728
4.69769837e-05 ,30.065269568
0.00016827 ,107.6928
8.69740364e-05 ,55.663383296
8.93615112e-05 ,57.191367168000006
6.68469126e-06 ,4.278202406399999
0.00011359 ,72.6976
0.00018447 ,118.0608
1.2279107e-05 ,7.858628479999999
0.00013412 ,85.8368
2.01282955e-05 ,12.88210912
0.00016171 ,103.4944
5.0849291e-06 ,3.2543546240000003
0.0001412 ,90.368
8.73435517e-05 ,55.89987308799999
5.03785815e-05 ,32.24229216
8.83674073e-05 ,56.55514067200001
2.36379377e-05 ,15.128280128
7.70687924e-05 ,49.324027136
4.55718087e-05 ,29.165957568
4.18267732e-05 ,26.769134848
0.00013654 ,87.3856
9.50969248e-05 ,60.862031872
0.00014931 ,95.5584
7.49757498e-05 ,47.984479871999994
2.56738387e-05 ,16.431256768
0.0001719 ,110.01599999999999
0.00017373 ,111.18719999999999
0.0001172 ,75.008
6.30271929e-05 ,40.337403456000004
1.6719988e-05 ,10.700792319999998
0.0001025 ,65.6
0.00018699 ,119.6736
0.00018482 ,118.2848
0.00014948 ,95.66720000000001
4.59046748e-05 ,29.378991872
4.79506089e-05 ,30.688389696
0.00018281 ,116.9984
2.08098496e-06 ,1.3318303744000002
3.65719881e-06 ,2.3406072384
0.00015158 ,97.01120000000002
0.00011679 ,74.7456
3.59713374e-05 ,23.021655936
0.00014583 ,93.33120000000001
0.0001468 ,93.952
5.0197845e-05 ,32.1266208
0.00013402 ,85.7728
1.0599592e-05 ,6.783738880000001
4.08559211e-05 ,26.147789504
0.00011919 ,76.2816
8.58345022e-05 ,54.934081408
9.54453714e-05 ,61.085037696
0.00012558 ,80.3712
0.00016686 ,106.7904
5.47711544e-05 ,35.053538816
5.14120806e-05 ,32.903731584
8.60989077e-05 ,55.103300928
0.00010523 ,67.34719999999999
9.43012518e-05 ,60.352801152
0.00016246 ,103.97440000000002
8.21517193e-06 ,5.257710035200001
7.06628509e-06 ,4.5224224576
0.0001814 ,116.09599999999999
2.30541011e-05 ,14.754624704000001
2.92706402e-06 ,1.8733209728
7.32752701e-05 ,46.896172864
2.58508968e-05 ,16.544573952
3.40492187e-05 ,21.791499968
8.50747979e-05 ,54.447870656
3.65711763e-05 ,23.405552832
0.00012135 ,77.664
5.71094485e-05 ,36.55004704
0.00013934 ,89.1776
0.00017685 ,113.18399999999998
5.69370813e-05 ,36.439732031999995
1.81039895e-05 ,11.58655328
0.00013969 ,89.4016
0.00010901 ,69.7664
0.00013807 ,88.3648
0.00018526 ,118.5664
7.51767761e-06 ,4.8113136704
0.00015065 ,96.416
4.48497736e-05 ,28.703855104000002
4.42435208e-05 ,28.315853311999998
5.68800895e-07 ,0.3640325728
5.54274049e-05 ,35.473539136
0.00010365 ,66.336
0.00012286 ,78.6304
0.00010009 ,64.0576
6.71561429e-05 ,42.979931455999996
8.96842005e-05 ,57.39788832000001
0.00013498 ,86.3872
5.02021685e-06 ,3.2129387840000003
1.57179781e-05 ,10.059505984
2.58584002e-06 ,1.6549376128000002
3.19554758e-05 ,20.451504512
7.60922489e-05 ,48.699039296
0.00014828 ,94.89920000000001
1.5672856e-05 ,10.03062784
7.70243195e-05 ,49.295564479999996
0.000162 ,103.68
7.65962827e-05 ,49.021620928000004
0.00015787 ,101.0368
7.58438398e-05 ,48.540057471999994
6.09095434e-06 ,3.8982107775999997
1.69799631e-05 ,10.867176384
0.00017645 ,112.928
1.10179847e-05 ,7.051510207999999
0.00014702 ,94.09280000000001
6.93634221e-07 ,0.44392590143999994
2.35242697e-05 ,15.055532608
0.00014463 ,92.56320000000001
0.00014445 ,92.448
2.00348687e-05 ,12.822315968
0.00015356 ,98.27839999999998
4.6671726e-05 ,29.869904639999998
9.98062187e-05 ,63.875979968
0.00011532 ,73.8048
6.30731071e-05 ,40.366788544
2.94407504e-06 ,1.8842080256
3.86320937e-05 ,24.724539968000002
0.00012845 ,82.208
1.37341761e-05 ,8.789872704
8.59512723e-05 ,55.008814272
0.00014462 ,92.5568
0.00017991 ,115.14240000000001
5.24777709e-05 ,33.585773376000006
0.00011634 ,74.4576
3.81583131e-05 ,24.421320384
0.00016442 ,105.2288
2.73777274e-05 ,17.521745536
0.00017979 ,115.0656
0.00014774 ,94.55359999999999
7.97445567e-05 ,51.036516288
8.98848341e-05 ,57.52629382400001
0.00012602 ,80.6528
9.44982477e-05 ,60.478878527999996
0.00010648 ,68.1472
6.29488814e-05 ,40.287284096
0.00016979 ,108.66560000000001
2.65718569e-05 ,17.005988416
5.44241765e-05 ,34.83147296
6.88895884e-05 ,44.089336575999994
0.00012937 ,82.79679999999999
0.00015747 ,100.7808
0.00012256 ,78.43839999999999
0.00015026 ,96.16639999999998
0.00017255 ,110.43199999999999
0.00017413 ,111.44319999999999
0.00013558 ,86.77120000000001
0.00013301 ,85.12639999999999
5.9481417e-05 ,38.06810688
7.04515533e-05 ,45.088994111999995
6.89759324e-05 ,44.144596736000004
1.13420668e-05 ,7.258922752
7.98840157e-05 ,51.12577004800001
6.33086015e-05 ,40.517504960000004
0.0001387 ,88.76800000000001
7.31989293e-05 ,46.847314752
8.0786874e-05 ,51.70359936
0.00014816 ,94.82239999999999
0.00018 ,115.20000000000002
0.00016785 ,107.424
7.75671649e-05 ,49.642985536
0.00012099 ,77.4336
0.00013507 ,86.4448
6.81050108e-05 ,43.587206912
3.3882122e-05 ,21.684558080000002
1.24426275e-05 ,7.9632816
9.9732576e-05 ,63.828848640000004
8.38240278e-05 ,53.647377792
0.00012398 ,79.3472
0.00013432 ,85.9648
4.35111714e-05 ,27.847149696
8.84777897e-07 ,0.56625785408
0.00015855 ,101.472
0.00017708 ,113.33120000000001
0.00012484 ,79.89760000000001
4.14525896e-05 ,26.529657344000004
6.53270681e-05 ,41.809323584
0.00013861 ,88.7104
3.62045836e-05 ,23.170933504
4.3284797e-05 ,27.702270079999998
4.62797836e-05 ,29.619061504
0.00013752 ,88.0128
0.00012799 ,81.9136
0.00013876 ,88.8064
8.32122733e-05 ,53.255854912000004
0.00011353 ,72.6592
2.28073696e-05 ,14.596716544
0.000129 ,82.56
0.00011607 ,74.2848
0.00017953 ,114.89920000000001
1.52254244e-05 ,9.744271615999999
7.35780766e-05 ,47.089969024
0.00010419 ,66.6816
5.17415152e-05 ,33.114569728
0.00012138 ,77.6832
2.30706921e-05 ,14.765242943999999
0.00014085 ,90.144
0.00014963 ,95.76319999999998
0.00016787 ,107.43679999999999
8.9900198e-05 ,57.53612672
6.90419052e-06 ,4.4186819328
0.00014996 ,95.9744
0.00013158 ,84.2112
7.43633483e-05 ,47.592542912
0.00012646 ,80.93440000000001
5.29021711e-05 ,33.857389504
2.71153207e-05 ,17.353805248
8.67775635e-05 ,55.53764064
0.00012588 ,80.56320000000001
0.00017554 ,112.3456
0.00012904 ,82.5856
0.00015207 ,97.32480000000001
0.00010984 ,70.2976
0.00015164 ,97.0496
8.92823971e-05 ,57.14073414399999
7.53763884e-05 ,48.240888576
3.28285668e-05 ,21.010282752000002
0.00011127 ,71.2128
0.00010178 ,65.1392
6.4481296e-05 ,41.26802944000001
0.00013306 ,85.1584
2.11704446e-05 ,13.549084544000001
0.00017035 ,109.024
0.00014785 ,94.624
8.80365906e-05 ,56.343417984
0.0001747 ,111.80799999999999
3.74242875e-05 ,23.951544
4.34984174e-06 ,2.7838987135999997
1.68990557e-05 ,10.815395648
5.96368915e-05 ,38.16761056
6.81359842e-05 ,43.607029888
1.86807089e-05 ,11.955653695999999
0.00016379 ,104.8256
3.26591087e-05 ,20.901829567999997
9.7405862e-05 ,62.339751680000006
7.01678586e-05 ,44.90742950399999
7.29148885e-05 ,46.66552864
5.21549092e-05 ,33.379141888
0.00011557 ,73.9648
0.00015385 ,98.464
2.67253725e-05 ,17.1042384
7.50736673e-06 ,4.8047147072
0.00010994 ,70.3616
1.31807886e-05 ,8.435704703999999
7.28678783e-05 ,46.63544211199999
5.41709071e-05 ,34.669380544
0.00014122 ,90.38080000000001
8.15268163e-05 ,52.177162432
0.00013712 ,87.7568
8.21253191e-05 ,52.560204223999996
3.8599941e-05 ,24.70396224
6.15114847e-05 ,39.367350208
0.00018471 ,118.21440000000001
0.00015714 ,100.56960000000001
0.00017389 ,111.28960000000001
4.56525417e-05 ,29.217626688
0.00012878 ,82.4192
2.99320132e-05 ,19.156488448
0.00011715 ,74.976
0.0001161 ,74.304
2.40993191e-05 ,15.423564224
0.00013855 ,88.672
1.79489293e-05 ,11.487314752
0.00018247 ,116.7808
0.00013593 ,86.9952
0.00016911 ,108.2304
0.00018491 ,118.3424
0.00018493 ,118.35520000000001
0.00013979 ,89.4656
3.24893494e-05 ,20.793183616
9.32866253e-05 ,59.703440191999995
7.90078656e-05 ,50.565033984
0.00011512 ,73.6768
6.2414974e-05 ,39.94558336
4.97962992e-05 ,31.869631488
0.00014674 ,93.91359999999999
5.16150772e-05 ,33.033649408
1.09750339e-05 ,7.024021696
2.27868057e-05 ,14.583555647999999
5.68951979e-05 ,36.412926655999996
1.03331569e-05 ,6.613220416000001
0.00018407 ,117.80479999999999
8.23140325e-05 ,52.68098080000001
3.45172221e-05 ,22.091022144
0.00011774 ,75.3536
0.00015297 ,97.9008
0.00015737 ,100.71679999999999
8.36157867e-05 ,53.514103488
0.00011317 ,72.42880000000001
0.00011149 ,71.3536
0.00016981 ,108.6784
9.9085839e-05 ,63.41493696
5.51636123e-05 ,35.304711872000006
2.17979036e-05 ,13.950658304000001
0.00013565 ,86.816
1.22462227e-05 ,7.837582528
1.5543104e-05 ,9.947586560000001
1.97799311e-05 ,12.659155903999999
0.00012933 ,82.7712
6.07914872e-05 ,38.906551808
4.13790244e-05 ,26.482575616
2.94100209e-05 ,18.822413376
0.00015522 ,99.3408
6.59024412e-05 ,42.177562368000004
8.86823484e-06 ,5.6756702976
0.00010919 ,69.8816
6.91878854e-05 ,44.280246655999996
8.35614735e-05 ,53.479343039999996
8.96658801e-05 ,57.386163264
0.00013068 ,83.6352
0.00018249 ,116.7936
0.00018137 ,116.0768
1.16324947e-05 ,7.444796608000001
1.37620395e-05 ,8.80770528
0.00012328 ,78.89920000000001
0.00016566 ,106.0224
7.4181142e-05 ,47.47593088000001
0.00016715 ,106.976
4.06074947e-05 ,25.988796607999998
6.18057099e-05 ,39.555654335999996
9.55480132e-05 ,61.150728448
0.00014372 ,91.98080000000002
4.7225726e-05 ,30.22446464
8.16559817e-05 ,52.259828287999994
0.00016504 ,105.62559999999999
7.00926906e-05 ,44.859321984000005
0.00011795 ,75.488
0.00011173 ,71.5072
1.9845083e-05 ,12.70085312
0.00013906 ,88.99839999999999
0.00017028 ,108.9792
2.54078147e-05 ,16.261001408
7.99708302e-05 ,51.181331328
2.10947444e-05 ,13.500636416
0.00010639 ,68.0896
0.00016953 ,108.4992
6.34056303e-05 ,40.579603392
4.2926719e-05 ,27.47310016
5.33272848e-05 ,34.129462272
9.60448384e-05 ,61.468696576
8.9052333e-05 ,56.99349312
5.13604968e-05 ,32.870717952
5.77870701e-05 ,36.983724863999996
9.70824962e-05 ,62.132797567999994
0.00014235 ,91.104
0.00013643 ,87.3152
0.00015831 ,101.3184
4.28256174e-05 ,27.408395136000003
0.00017315 ,110.816
0.00016303 ,104.33919999999999
9.94523365e-05 ,63.64949536
0.00010969 ,70.2016
0.00010588 ,67.7632
2.74865996e-05 ,17.591423744
0.00014148 ,90.5472
0.00012337 ,78.9568
6.13171967e-05 ,39.243005888000006
7.37279177e-05 ,47.18586732799999
4.37639537e-05 ,28.008930368
0.00011911 ,76.2304
0.00015519 ,99.32160000000002
0.00018433 ,117.9712
2.28943929e-05 ,14.652411456000001
9.82653467e-05 ,62.889821888
0.00016623 ,106.3872
3.82006365e-05 ,24.448407359999997
5.34708777e-05 ,34.221361728000005
0.00010134 ,64.8576
7.22770232e-06 ,4.6257294848
4.05870749e-06 ,2.5975727936
0.00015168 ,97.07520000000001
4.78529437e-05 ,30.625883968000004
8.99593196e-05 ,57.573964544000006
5.02251577e-05 ,32.144100928
0.00012535 ,80.22400000000002
7.76301696e-06 ,4.9683308544
6.71033456e-05 ,42.946141184
0.00018103 ,115.8592
0.00012294 ,78.6816
8.44116608e-05 ,54.023462912
1.28106437e-06 ,0.8198811967999999
6.43275261e-05 ,41.169616704000006
0.00012364 ,79.1296
0.00013788 ,88.2432
0.00012101 ,77.4464
0.00010263 ,65.6832
9.19482947e-05 ,58.84690860799999
9.5427968e-05 ,61.07389952
2.17936461e-05 ,13.947933504000002
5.71965796e-05 ,36.605810944
1.91757202e-05 ,12.272460928000001
4.00937104e-05 ,25.659974655999996
5.71419605e-05 ,36.57085472
7.70000411e-05 ,49.280026304
7.42171437e-05 ,47.498971968
2.03330801e-05 ,13.013171264
0.00018416 ,117.8624
5.59469008e-05 ,35.806016512
9.28690916e-06 ,5.943621862399999
6.2341378e-05 ,39.898481919999995
0.00017488 ,111.92320000000001
0.00015397 ,98.54079999999999
0.00014247 ,91.1808
0.00010239 ,65.5296
6.82362439e-05 ,43.671196095999996
1.20079102e-05 ,7.685062528
0.00017744 ,113.56160000000001
0.00014145 ,90.52799999999999
8.42972208e-05 ,53.950221312000004
8.20006638e-06 ,5.248042483200001
4.16768232e-05 ,26.673166847999997
6.05048297e-05 ,38.723091008
1.57269834e-05 ,10.065269376000002
7.75824068e-06 ,4.9652740352
4.18009851e-05 ,26.752630464
5.93305081e-05 ,37.971525184
0.00015188 ,97.2032
0.00017654 ,112.98559999999998
0.00010535 ,67.424
2.14451845e-05 ,13.724918079999998
0.00010479 ,67.0656
0.00017149 ,109.7536
0.00017671 ,113.09440000000001
2.62062767e-05 ,16.772017088
3.97106812e-05 ,25.414835968
0.00011563 ,74.00319999999999
0.00012691 ,81.2224
1.78918514e-05 ,11.450784895999998
0.0001872 ,119.808
1.00239923e-06 ,0.6415355072000001
0.00012142 ,77.7088
5.52860101e-05 ,35.383046463999996
5.97926449e-06 ,3.8267292736000003
1.36361648e-05 ,8.727145472
0.0001739 ,111.29599999999999
0.00015226 ,97.44640000000001
0.00016296 ,104.2944
9.90682014e-05 ,63.403648896
0.00015825 ,101.28
1.11040345e-05 ,7.10658208
1.35890732e-05 ,8.697006848
1.99864327e-05 ,12.791316928
2.9507422e-06 ,1.8884750080000001
0.00014307 ,91.5648
0.00017587 ,112.5568
1.26574948e-05 ,8.100796672
5.50280768e-05 ,35.217969152
0.00011149 ,71.3536
1.93453529e-05 ,12.381025855999999
3.06793528e-05 ,19.634785792
2.11114156e-05 ,13.511305984
0.00017965 ,114.976
3.9773396e-05 ,25.454973439999996
3.37825533e-05 ,21.620834111999997
0.00015105 ,96.67200000000001
9.05957917e-05 ,57.981306688
6.19837391e-05 ,39.669593024
6.2541015e-05 ,40.0262496
9.79510658e-05 ,62.688682112
4.75391582e-05 ,30.425061248
6.5578493e-05 ,41.97023552
0.00016117 ,103.14880000000001
8.45075293e-05 ,54.084818752
5.11111302e-05 ,32.711123328
2.496237e-05 ,15.9759168
0.00010414 ,66.64959999999999
0.00014103 ,90.25919999999999
1.19719915e-05 ,7.66207456
0.00010755 ,68.832
0.00010589 ,67.7696
0.00011157 ,71.4048
0.00011933 ,76.37119999999999
3.45955118e-05 ,22.141127552
0.00017227 ,110.25280000000001
0.00010615 ,67.936
5.11050675e-05 ,32.7072432
0.00011832 ,75.7248
2.83704521e-05 ,18.157089344
0.00016796 ,107.4944
3.72146307e-05 ,23.817363648
1.72503919e-05 ,11.040250815999999
0.00012569 ,80.4416
0.00010303 ,65.9392
2.21342783e-05 ,14.165938112000001
8.64258105e-05 ,55.31251872
9.0658941e-05 ,58.02172224
0.00014169 ,90.6816
4.3600768e-05 ,27.90449152
0.000122 ,78.08
0.00018353 ,117.4592
0.00014905 ,95.392
5.51942913e-06 ,3.5324346432
8.21732635e-05 ,52.59088864
9.82721346e-05 ,62.894166144
5.70256011e-05 ,36.496384704
0.00010133 ,64.85119999999999
0.00016567 ,106.0288
5.78829015e-05 ,37.04505696
0.0001035 ,66.24
0.00016069 ,102.8416
4.6260626e-05 ,29.60680064
1.08853581e-05 ,6.966629183999999
7.74972725e-05 ,49.5982544
8.98510162e-06 ,5.7504650368
5.8061634e-05 ,37.15944576
7.2633168e-05 ,46.485227519999995
9.89455719e-05 ,63.325166016
6.79679492e-05 ,43.49948748799999
0.00010313 ,66.00319999999999
0.00016704 ,106.90559999999999
0.00011957 ,76.5248
0.00010283 ,65.8112
5.25409815e-05 ,33.62622816
0.00011238 ,71.92320000000001
6.8786118e-06 ,4.4023115520000005
0.00010165 ,65.056
2.13999091e-05 ,13.695941824
5.24406871e-05 ,33.562039743999996
2.25917335e-05 ,14.458709440000002
2.15306742e-05 ,13.779631488
2.0580631e-05 ,13.17160384
2.55087589e-05 ,16.325605695999997
0.00017203 ,110.0992
2.20658121e-05 ,14.122119743999999
5.73313401e-05 ,36.692057664
9.18991489e-05 ,58.815455296
4.81350919e-05 ,30.806458815999996
6.83416384e-05 ,43.73864857599999
9.85518367e-05 ,63.073175488000004
0.0001812 ,115.968
0.00012502 ,80.0128
1.06527726e-05 ,6.817774464
7.13341509e-05 ,45.653856576
0.0001544 ,98.816
4.38627577e-05 ,28.072164928
1.08801744e-05 ,6.9633116159999995
0.00012337 ,78.9568
9.1560275e-05 ,58.598575999999994
5.27515493e-05 ,33.760991552
4.26360486e-05 ,27.287071104
0.0001674 ,107.136
0.00010835 ,69.344
2.6100683e-05 ,16.70443712
9.93949453e-05 ,63.612764991999995
0.0001504 ,96.256
3.70541545e-05 ,23.714658879999998
0.00015091 ,96.5824
5.25350194e-05 ,33.622412416
0.00010881 ,69.63839999999999
3.00210432e-05 ,19.213467647999998
1.68897712e-05 ,10.809453568
1.40529846e-05 ,8.993910144
6.65741381e-05 ,42.607448384
9.87915044e-05 ,63.226562816
5.40241507e-05 ,34.575456448000004
0.00015022 ,96.14080000000001
0.00018681 ,119.5584
4.44618013e-05 ,28.455552832
0.00010344 ,66.2016
3.39292925e-05 ,21.714747199999998
2.89223469e-05 ,18.510302016
0.00016637 ,106.4768
3.76955225e-05 ,24.125134399999997
9.63054443e-05 ,61.635484352
0.00012593 ,80.5952
4.07386267e-05 ,26.072721088
0.00011385 ,72.864
0.00013971 ,89.4144
2.4800623e-05 ,15.87239872
1.40773444e-05 ,9.009500416
0.00011633 ,74.4512
7.45111871e-05 ,47.687159744
8.11455245e-05 ,51.93313568
6.88625971e-05 ,44.07206214399999
0.00015119 ,96.76159999999999
0.00014932 ,95.56479999999999
5.58010502e-05 ,35.712672128
0.00014439 ,92.4096
3.02725374e-05 ,19.374423936
0.00012232 ,78.2848
0.00016831 ,107.71839999999999
0.00011197 ,71.6608
0.00017981 ,115.0784
0.00011049 ,70.7136
0.00010093 ,64.59519999999999
0.00011142 ,71.3088
9.2995074e-05 ,59.51684736
0.00018316 ,117.2224
0.00013018 ,83.31519999999999
8.1001121e-05 ,51.84071744
3.57941013e-05 ,22.908224832
0.00010933 ,69.9712
0.00013361 ,85.51039999999999
0.00013432 ,85.9648
8.11770274e-05 ,51.953297536
0.0001745 ,111.68
9.59003679e-05 ,61.376235456
0.00014146 ,90.5344
0.0001606 ,102.78399999999999
0.00010968 ,70.1952
4.93328437e-05 ,31.573019968000004
3.93874151e-05 ,25.207945664
0.00011573 ,74.0672
0.00017468 ,111.7952
4.42103612e-05 ,28.294631168
0.00012535 ,80.22400000000002
9.0798071e-05 ,58.110765439999994
0.00017227 ,110.25280000000001
4.93939883e-06 ,3.1612152512
8.00403267e-05 ,51.225809088000005
0.00010438 ,66.8032
0.00017694 ,113.24159999999999
0.0001289 ,82.496
0.00017864 ,114.32960000000001
8.85097652e-05 ,56.646249728
0.00012052 ,77.1328
0.00018554 ,118.7456
1.43834544e-06 ,0.9205410815999999
7.48440871e-05 ,47.900215744
0.00015386 ,98.4704
5.56142436e-05 ,35.593115904
0.00015334 ,98.1376
0.00012411 ,79.43039999999999
0.00018019 ,115.32159999999999
6.38440704e-05 ,40.860205056000005
0.00017632 ,112.8448
8.39535143e-05 ,53.73024915199999
0.00012059 ,77.1776
0.00018498 ,118.3872
0.00011164 ,71.44959999999999
9.43495296e-05 ,60.383698944
8.43984442e-05 ,54.01500428799999
3.8572641e-05 ,24.686490240000005
8.78138966e-05 ,56.200893824
3.93042749e-05 ,25.154735936
1.47312988e-05 ,9.428031232
5.6045342e-05 ,35.86901888
0.00015595 ,99.808
0.00011204 ,71.7056
0.00015345 ,98.208
3.01374641e-05 ,19.287977024
5.08739145e-05 ,32.55930528
8.86811101e-06 ,5.6755910464
0.00016902 ,108.1728
0.00018494 ,118.3616
0.00016382 ,104.84479999999999
3.87685136e-05 ,24.811848704
6.18684887e-05 ,39.595832767999994
9.54993638e-05 ,61.119592832
5.77507024e-05 ,36.960449536
5.96397867e-05 ,38.169463488000005
2.98502319e-05 ,19.104148416
6.55370254e-05 ,41.943696255999996
2.16770707e-05 ,13.873325247999999
6.63035286e-05 ,42.434258304
0.00018662 ,119.4368
9.99048664e-05 ,63.939114496
0.00010292 ,65.8688
0.00018104 ,115.86559999999999
0.00014852 ,95.05279999999999
4.51097492e-07 ,0.28870239488
2.16452797e-05 ,13.852979008000002
2.49079715e-05 ,15.94110176
3.41018881e-06 ,2.1825208384
1.66634001e-05 ,10.664576064
0.00011244 ,71.9616
7.28102062e-05 ,46.598531968
4.41843921e-05 ,28.278010944
0.00017175 ,109.92000000000002
0.00010102 ,64.6528
2.56680378e-05 ,16.427544192
0.00013052 ,83.5328
8.80844888e-05 ,56.374072831999996
5.14846881e-05 ,32.950200384
6.3293829e-05 ,40.50805056
1.5461714e-05 ,9.89549696
0.00016203 ,103.69919999999999
0.00012512 ,80.07679999999999
0.00010057 ,64.3648
0.00016877 ,108.0128
1.37488065e-05 ,8.79923616
0.00014974 ,95.8336
0.00013346 ,85.41440000000001
3.57137764e-05 ,22.856816895999998
8.48815247e-05 ,54.324175808
2.82093979e-05 ,18.054014656
0.00016996 ,108.7744
0.0001344 ,86.01599999999999
7.04199116e-05 ,45.068743424
0.00016899 ,108.1536
4.71468122e-05 ,30.173959808
2.94189127e-05 ,18.828104128
0.0001117 ,71.488
7.55230386e-05 ,48.334744704
8.74326812e-05 ,55.956915968000004
1.49773948e-05 ,9.585532672
0.00016858 ,107.89119999999998
3.84045044e-05 ,24.578882815999997
8.12381676e-05 ,51.992427264
0.00014351 ,91.84640000000002
4.47631108e-05 ,28.648390912
0.00010268 ,65.7152
0.00018452 ,118.0928
2.26572497e-06 ,1.4500639808
0.00016078 ,102.89919999999998
8.33931414e-05 ,53.371610496
0.00012328 ,78.89920000000001
1.69884469e-05 ,10.872606015999999
2.53138946e-05 ,16.200892544000002
0.00014685 ,93.98399999999998
0.00014963 ,95.76319999999998
1.33267276e-06 ,0.8529105664000001
6.87703867e-05 ,44.013047488000005
0.00014629 ,93.6256
4.24159528e-05 ,27.146209791999997
0.00015391 ,98.5024
6.09345606e-05 ,38.998118784
4.41402337e-05 ,28.249749568
5.43555809e-05 ,34.787571776
0.00013304 ,85.1456
0.00010122 ,64.7808
3.93603536e-05 ,25.190626304
6.38176411e-05 ,40.84329030399999
0.00017513 ,112.0832
0.00018176 ,116.3264
3.17796888e-05 ,20.339000831999996
0.00013214 ,84.56959999999998
5.96463701e-06 ,3.8173676864
0.00014919 ,95.48159999999999
0.00015903 ,101.7792
0.00018197 ,116.46079999999999
9.00281321e-05 ,57.618004544
4.11700207e-05 ,26.348813248000003
5.91929151e-05 ,37.883465664
7.28441625e-05 ,46.620264000000006
6.04474013e-05 ,38.686336831999995
0.00010685 ,68.384
5.94556002e-05 ,38.051584128
1.33473518e-05 ,8.542305152
2.56933803e-05 ,16.443763392
0.000131 ,83.84
0.00011741 ,75.1424
6.21507445e-05 ,39.77647648
9.574529e-05 ,61.2769856
0.00010583 ,67.7312
4.52273526e-05 ,28.945505664
0.00012951 ,82.8864
0.0001781 ,113.98399999999998
0.00013876 ,88.8064
0.00018722 ,119.82080000000002
0.00015729 ,100.66560000000001
2.01068544e-05 ,12.868386816
8.30684574e-05 ,53.163812736
2.50207142e-05 ,16.013257088000003
0.00010226 ,65.4464
0.00016388 ,104.8832
6.45397001e-05 ,41.305408064
0.00017901 ,114.5664
6.51345457e-05 ,41.686109248
1.53698259e-05 ,9.836688576
0.00010589 ,67.7696
0.0001521 ,97.34400000000001
0.0001565 ,100.16
4.59035826e-05 ,29.378292864
9.4637546e-05 ,60.56802943999999
0.00017409 ,111.41760000000002
0.00017947 ,114.8608
9.34231095e-05 ,59.79079008
9.99025915e-05 ,63.93765856
6.47338285e-05 ,41.42965024
0.00018109 ,115.8976
3.14010537e-05 ,20.096674368000002
0.00011523 ,73.7472
6.08731611e-05 ,38.958823104
0.00016289 ,104.2496
5.73655838e-05 ,36.713973632
7.3829293e-05 ,47.25074751999999
0.00015923 ,101.9072
2.62257728e-06 ,1.6784494591999999
0.00011333 ,72.5312
0.00013039 ,83.4496
7.126259e-05 ,45.6080576
0.00017463 ,111.76320000000001
0.00013086 ,83.7504
0.00018034 ,115.4176
1.25966563e-06 ,0.8061860032
2.887194e-05 ,18.478041599999997
7.1530461e-05 ,45.77949504
7.95454739e-05 ,50.909103296
0.00018022 ,115.34080000000002
2.80407037e-05 ,17.946050367999998
0.00011479 ,73.4656
8.34071116e-05 ,53.380551424000004
0.00015499 ,99.1936
0.00012457 ,79.72480000000002
8.1223346e-05 ,51.982941440000005
0.00012321 ,78.85440000000001
3.41610611e-05 ,21.863079104
0.00013631 ,87.23840000000001
3.42604234e-05 ,21.926670975999997
2.89725697e-05 ,18.542444608
9.08078578e-05 ,58.117028992
1.03455071e-05 ,6.621124544
7.57157695e-05 ,48.458092480000005
0.000143 ,91.52000000000001
0.00017489 ,111.9296
0.00017769 ,113.7216
0.00016352 ,104.6528
5.02223975e-05 ,32.1423344
3.28592458e-05 ,21.029917312
7.86365767e-05 ,50.327409087999996
8.66747279e-05 ,55.471825855999995
7.77872508e-05 ,49.783840512
0.00014456 ,92.51840000000001
3.91707799e-05 ,25.069299136
0.00011585 ,74.14399999999999
6.46113056e-05 ,41.351235584
5.64602571e-05 ,36.134564544
0.00016932 ,108.3648
0.00012832 ,82.1248
0.00012523 ,80.14719999999998
0.00010148 ,64.9472
7.70741624e-05 ,49.327463935999994
0.00018703 ,119.6992
0.00011078 ,70.89920000000001
5.47482726e-05 ,35.038894464
0.00012034 ,77.0176
0.00014067 ,90.02879999999999
0.00014846 ,95.01440000000001
0.00016455 ,105.312
9.61802102e-05 ,61.555334528
7.37538251e-05 ,47.202448064
0.00011922 ,76.30080000000001
4.85109672e-05 ,31.047019008000003
2.22354878e-05 ,14.230712192000002
0.00010744 ,68.7616
0.00016994 ,108.76159999999999
0.00012851 ,82.24640000000001
1.70376288e-05 ,10.904082432
1.31519136e-05 ,8.417224704
9.03287754e-06 ,5.7810416256
0.0001709 ,109.376
8.07042186e-05 ,51.650699904
2.29985169e-05 ,14.719050816
5.82620908e-05 ,37.287738112
0.00016989 ,108.72959999999999
0.00011022 ,70.5408
0.00016022 ,102.5408
0.00018011 ,115.27040000000001
0.00010809 ,69.1776
0.00010287 ,65.8368
9.40368455e-05 ,60.18358112000001
3.57842129e-05 ,22.901896256
1.82331856e-05 ,11.669238784000001
0.00010498 ,67.1872
4.38891361e-05 ,28.089047104000002
6.02823086e-05 ,38.580677504
1.40678892e-05 ,9.003449088
1.5311571e-06 ,0.979940544
0.00014508 ,92.85119999999999
2.48404809e-06 ,1.5897907776
6.19818698e-06 ,3.9668396672
1.9726603e-06 ,1.2625025920000001
0.00013573 ,86.8672
8.2515527e-05 ,52.80993728
7.64116243e-05 ,48.903439551999995
9.58732956e-05 ,61.358909184
0.00013867 ,88.74879999999999
2.70952334e-05 ,17.340949376
7.18180048e-05 ,45.963523072
6.52816098e-05 ,41.780230272
0.00013248 ,84.78720000000001
2.56763968e-05 ,16.432893951999997
3.19866448e-05 ,20.471452672000005
0.00014261 ,91.2704
8.2813284e-05 ,53.00050176
8.32570663e-05 ,53.284522432
0.00014379 ,92.0256
4.59225328e-05 ,29.390420992
2.64319773e-05 ,16.916465472
3.24276012e-05 ,20.753664768
0.00012692 ,81.2288
0.00010699 ,68.4736
0.00017263 ,110.48320000000001
4.98120659e-05 ,31.879722176
7.0303659e-05 ,44.994341760000005
6.38234637e-05 ,40.847016768
8.73652479e-05 ,55.913758656
7.4385488e-05 ,47.60671232
0.0001497 ,95.80799999999999
8.21874439e-05 ,52.599964096
9.03082488e-05 ,57.797279232
2.76863568e-05 ,17.719268352
0.00015728 ,100.6592
0.00017186 ,109.9904
5.23954737e-05 ,33.533103168
0.00014917 ,95.4688
0.00012823 ,82.06720000000001
6.81280295e-05 ,43.601938880000006
9.9119607e-05 ,63.43654848
3.96500166e-05 ,25.376010624000003
3.35004026e-05 ,21.440257664
2.60713933e-05 ,16.685691712
0.00016082 ,102.92479999999999
8.0060743e-05 ,51.23887552
4.57076065e-05 ,29.25286816
0.00013346 ,85.41440000000001
0.00018506 ,118.4384
0.00012993 ,83.1552
0.00018124 ,115.99359999999999
0.0001112 ,71.168
0.00016867 ,107.94879999999999
0.00013565 ,86.816
0.00010558 ,67.5712
0.00012476 ,79.8464
0.00010972 ,70.2208
0.00017076 ,109.2864
2.50075167e-05 ,16.004810688
0.00014844 ,95.00160000000001
8.15043225e-05 ,52.162766399999995
0.00011556 ,73.9584
0.00017477 ,111.8528
3.99890556e-05 ,25.592995583999997
9.94043507e-05 ,63.618784448
0.00017442 ,111.6288
1.74409469e-05 ,11.162206016
0.000158 ,101.12
6.51662024e-05 ,41.70636953600001
6.77120388e-05 ,43.335704832
0.00018607 ,119.0848
3.68460233e-06 ,2.3581454912
3.8919273e-05 ,24.90833472
7.69946171e-05 ,49.276554944
8.61300087e-06 ,5.5123205568
0.00010933 ,69.9712
6.21920248e-05 ,39.802895872
6.76915228e-05 ,43.322574592
5.55490477e-05 ,35.551390528
8.59866169e-05 ,55.031434815999994
4.19946132e-05 ,26.876552447999998
0.00010416 ,66.6624
1.62261601e-05 ,10.384742463999999
9.75273766e-05 ,62.417521023999996
0.00011623 ,74.3872
