SubstitutionRate,Theta
0.00012642 ,80.9088
9.68018044e-06 ,6.1953154816
9.9079777e-05 ,63.41105728000001
8.10679534e-05 ,51.883490175999995
3.34159487e-05 ,21.386207168
0.00015427 ,98.7328
3.10001878e-05 ,19.840120192
9.44104905e-05 ,60.42271392
0.00014362 ,91.9168
6.10291044e-05 ,39.058626816
9.97093895e-05 ,63.81400928000001
0.00015792 ,101.06880000000001
0.00011774 ,75.3536
0.00013597 ,87.02079999999998
5.02944707e-05 ,32.188461247999996
0.00010211 ,65.3504
8.4697486e-05 ,54.20639104
5.66484867e-06 ,3.6255031488
0.00014794 ,94.68159999999999
0.00016961 ,108.55040000000001
0.00012515 ,80.096
6.45525877e-05 ,41.313656128
0.00012602 ,80.6528
0.00013792 ,88.26880000000001
0.00017408 ,111.4112
3.52252205e-05 ,22.54414112
7.89055393e-05 ,50.499545151999996
0.00018211 ,116.5504
4.311004e-05 ,27.590425600000003
8.8807552e-06 ,5.683683328
8.59153619e-06 ,5.498583161599999
0.00010654 ,68.18560000000001
8.57446676e-05 ,54.876587264
1.48744994e-08 ,0.009519679616
5.79722711e-05 ,37.102253504000004
5.03533725e-05 ,32.2261584
0.00017008 ,108.8512
8.39079189e-06 ,5.370106809599999
8.97224519e-06 ,5.7422369216
9.80734775e-05 ,62.7670256
2.50114835e-05 ,16.00734944
0.00018596 ,119.0144
5.73525779e-05 ,36.705649856
2.79983077e-05 ,17.918916927999998
9.23876004e-05 ,59.128064256
4.35209952e-05 ,27.853436928
7.43716814e-05 ,47.597876096
0.00018397 ,117.7408
2.21949267e-05 ,14.204753088
4.74991397e-05 ,30.399449408000002
6.34494869e-05 ,40.60767161599999
0.00013309 ,85.17759999999998
0.00014733 ,94.29119999999999
8.80373987e-05 ,56.343935168
0.00018066 ,115.6224
1.77042198e-05 ,11.330700672
5.6590407e-05 ,36.21786048
0.0001413 ,90.43199999999999
0.0001056 ,67.584
2.78796468e-05 ,17.842973951999998
0.00012401 ,79.3664
2.86834597e-06 ,1.8357414207999998
2.81031457e-05 ,17.986013248
0.00015127 ,96.81280000000001
3.35167662e-05 ,21.450730368
9.81852073e-05 ,62.838532672
6.82229367e-05 ,43.662679487999995
5.99142612e-05 ,38.345127168
0.00017159 ,109.8176
4.60445629e-05 ,29.468520255999998
3.83872264e-05 ,24.567824896
4.43639392e-05 ,28.392921088
0.00013938 ,89.20320000000001
0.00018376 ,117.60639999999998
2.85792685e-05 ,18.29073184
8.46001744e-05 ,54.144111616
0.00017416 ,111.4624
0.00014491 ,92.74239999999999
0.00011763 ,75.2832
8.70609463e-05 ,55.719005632
5.18273063e-06 ,3.3169476032
7.65547041e-05 ,48.995010623999995
8.675071e-05 ,55.520454400000006
6.22162512e-05 ,39.818400768
5.79982363e-05 ,37.118871232000004
0.00014533 ,93.01119999999999
7.32895496e-05 ,46.905311744
5.60150014e-06 ,3.5849600896
1.15582622e-05 ,7.397287808000001
0.00014252 ,91.2128
0.00010399 ,66.5536
0.00014397 ,92.14079999999998
5.61194317e-05 ,35.916436288
0.00010985 ,70.304
4.94951267e-05 ,31.676881088
2.04858449e-06 ,1.3110940736
0.00016842 ,107.7888
9.1385764e-05 ,58.48688896
5.54571295e-05 ,35.49256288
8.06239574e-05 ,51.599332736
0.00013459 ,86.13759999999999
8.57001497e-05 ,54.848095808000004
9.67298885e-05 ,61.907128639999996
0.000174 ,111.35999999999999
6.18287169e-05 ,39.570378816
5.16101089e-05 ,33.030469696
0.00016056 ,102.7584
0.00015379 ,98.4256
0.00016984 ,108.6976
8.18782021e-05 ,52.402049344000005
4.97609507e-05 ,31.847008448
0.00010994 ,70.3616
7.72130199e-05 ,49.416332736
6.91803597e-06 ,4.4275430208
0.00013241 ,84.7424
0.00018707 ,119.72480000000002
2.74957298e-05 ,17.597267072
5.35753302e-05 ,34.288211328
0.00012704 ,81.30560000000001
6.71480117e-05 ,42.974727488000006
0.00015053 ,96.3392
5.21588409e-05 ,33.381658176
0.00014969 ,95.80160000000001
8.08994125e-05 ,51.775624
0.00010315 ,66.016
0.00011797 ,75.5008
1.24278249e-05 ,7.9538079360000005
1.42112775e-05 ,9.095217600000002
6.31486728e-05 ,40.415150592
0.00010581 ,67.7184
5.79780137e-05 ,37.105928768000005
0.00014916 ,95.46239999999999
0.00012294 ,78.6816
1.67389033e-05 ,10.712898112
1.58026528e-05 ,10.113697791999998
0.00018535 ,118.62400000000001
0.00013413 ,85.8432
4.32049922e-05 ,27.651195008000002
0.00015697 ,100.4608
0.00011338 ,72.56320000000001
0.00012783 ,81.8112
9.41229461e-05 ,60.238685503999996
0.00015918 ,101.8752
6.59247032e-05 ,42.191810047999994
6.9419993e-05 ,44.42879552
3.13829878e-05 ,20.085112191999997
2.12470772e-06 ,1.3598129408
0.00017742 ,113.5488
0.00016777 ,107.3728
0.00012019 ,76.9216
9.38494057e-05 ,60.063619648
5.47576317e-05 ,35.044884288
2.5587765e-05 ,16.376169599999997
0.00016792 ,107.46880000000002
0.00013343 ,85.39519999999999
0.0001152 ,73.728
0.00014956 ,95.7184
0.00017772 ,113.7408
2.90158344e-05 ,18.570134016
0.00012583 ,80.5312
0.0001199 ,76.736
2.34136664e-05 ,14.984746496
0.0001401 ,89.664
0.00017792 ,113.8688
2.02927002e-05 ,12.987328128
1.02155467e-05 ,6.537949888
2.61874975e-05 ,16.7599984
4.94215133e-05 ,31.629768512
5.13379101e-05 ,32.856262464000004
8.48736065e-05 ,54.31910816
0.00014279 ,91.3856
0.00013128 ,84.01920000000001
6.1831491e-06 ,3.957215424
0.00016117 ,103.14880000000001
6.46014966e-05 ,41.344957824000005
9.19203101e-05 ,58.828998464
0.00016244 ,103.9616
0.00013832 ,88.5248
8.3823533e-05 ,53.64706112
6.12588551e-05 ,39.205667264000006
0.00010411 ,66.63040000000001
9.18159596e-05 ,58.762214144
0.00014473 ,92.6272
0.00018566 ,118.82240000000002
0.0001748 ,111.87199999999999
0.0001705 ,109.11999999999999
0.00011746 ,75.1744
0.00015764 ,100.88959999999999
9.290775e-06 ,5.946096000000001
8.72515347e-05 ,55.840982208
0.0001639 ,104.89599999999999
0.00016074 ,102.87360000000001
0.00018717 ,119.78880000000001
8.26896774e-05 ,52.921393536000004
0.00012782 ,81.80480000000001
7.46405457e-05 ,47.769949248
7.54084458e-05 ,48.261405312
0.00014453 ,92.4992
2.06086673e-05 ,13.189547071999998
0.00018334 ,117.33760000000001
3.89361426e-05 ,24.919131264
4.13936907e-05 ,26.491962047999998
7.81201322e-05 ,49.996884608
0.0001202 ,76.928
4.56484242e-05 ,29.214991487999995
6.65760216e-05 ,42.608653823999994
0.00011223 ,71.8272
0.00010345 ,66.208
9.93079854e-05 ,63.557110656000006
8.89208314e-05 ,56.909332096
0.00011303 ,72.33919999999999
0.0001077 ,68.928
5.55341537e-05 ,35.541858368
7.47813649e-05 ,47.860073536
2.10592823e-05 ,13.477940671999999
5.39582912e-05 ,34.533306368
0.00014815 ,94.816
0.00011804 ,75.54560000000001
2.47127992e-05 ,15.816191488
0.00012634 ,80.8576
0.0001775 ,113.6
0.00016528 ,105.77919999999999
0.00018581 ,118.9184
5.1618173e-05 ,33.03563072
9.40383046e-05 ,60.18451494400001
0.00015868 ,101.55519999999999
0.0001257 ,80.44800000000001
0.00017576 ,112.4864
0.00014911 ,95.43039999999999
6.04590615e-05 ,38.69379936
0.00017398 ,111.34720000000002
0.00010757 ,68.84479999999999
5.51293335e-05 ,35.28277344
4.97809739e-05 ,31.859823296
0.00016187 ,103.59679999999999
8.79099997e-05 ,56.262399808000005
0.00015995 ,102.36800000000001
0.00013143 ,84.11520000000002
1.60794085e-05 ,10.29082144
4.91989792e-05 ,31.487346688
7.33650399e-07 ,0.46953625536
0.00015117 ,96.7488
5.95045642e-06 ,3.8082921088
4.20057158e-05 ,26.883658112
8.38708256e-05 ,53.67732838399999
0.00017812 ,113.99680000000001
4.01031341e-05 ,25.666005824
8.60384121e-05 ,55.064583744000004
0.00010187 ,65.1968
0.00017639 ,112.88960000000002
0.00012255 ,78.43199999999999
3.79159423e-05 ,24.266203072
0.00015731 ,100.67840000000001
1.86206141e-05 ,11.917193024
0.0001057 ,67.648
0.00011143 ,71.3152
0.00016668 ,106.67519999999999
0.00012056 ,77.1584
0.00018487 ,118.3168
0.00011577 ,74.0928
3.1752115e-05 ,20.3213536
0.00010345 ,66.208
0.00011629 ,74.4256
3.75506485e-05 ,24.03241504
0.00017665 ,113.056
0.00014873 ,95.1872
0.00016275 ,104.16
6.3860628e-05 ,40.870801920000005
0.00015534 ,99.4176
4.72158915e-05 ,30.21817056
0.00013416 ,85.86240000000001
1.80328425e-05 ,11.541019200000001
6.58732424e-05 ,42.158875136000006
0.00018278 ,116.97919999999999
0.00012749 ,81.5936
0.00011458 ,73.3312
0.00017069 ,109.2416
2.59554677e-05 ,16.611499328
8.47636538e-05 ,54.248738431999996
9.73341711e-05 ,62.293869504
1.03741389e-05 ,6.639448895999999
6.51990802e-05 ,41.727411327999995
7.47465439e-05 ,47.837788096
8.54009979e-05 ,54.656638656
4.76266075e-05 ,30.4810288
2.18366853e-05 ,13.975478592000002
6.75956378e-05 ,43.261208192
0.00010103 ,64.6592
2.13090523e-05 ,13.637793471999998
4.97393205e-05 ,31.833165119999997
7.84395955e-05 ,50.20134112
4.75933387e-06 ,3.0459736768
9.81278244e-05 ,62.801807616
0.00018645 ,119.328
7.45727365e-05 ,47.72655136
0.00010816 ,69.2224
8.09346049e-05 ,51.798147136
7.33759616e-06 ,4.6960615424
0.00018454 ,118.10559999999998
5.49986659e-05 ,35.199146176
0.00014553 ,93.13919999999999
0.00017314 ,110.80960000000002
0.00015714 ,100.56960000000001
2.37436572e-06 ,1.5195940608
0.00014307 ,91.5648
0.00014306 ,91.55839999999999
0.00011017 ,70.50880000000001
0.00014363 ,91.92320000000001
3.81229283e-05 ,24.398674112
1.44591821e-05 ,9.253876543999999
2.10707063e-05 ,13.485252031999998
0.00015668 ,100.27519999999998
0.00015592 ,99.78880000000001
9.59627949e-05 ,61.41618873600001
8.55076533e-05 ,54.724898112
0.00011317 ,72.42880000000001
0.00012284 ,78.61760000000001
4.284232e-06 ,2.7419084799999998
0.00017467 ,111.78880000000001
0.00012105 ,77.47200000000001
0.0001204 ,77.056
0.0001577 ,100.928
5.2559945e-05 ,33.638364800000005
2.51276597e-05 ,16.081702208
1.8242314e-05 ,11.675080960000003
0.00010433 ,66.7712
7.67927574e-05 ,49.147364736
0.00013291 ,85.0624
0.00010518 ,67.3152
6.76028576e-05 ,43.265828864
0.0001131 ,72.384
5.92330613e-06 ,3.7909159232
0.00015135 ,96.86399999999999
0.0001068 ,68.35199999999999
6.14225193e-06 ,3.9310412352000004
3.64703419e-05 ,23.341018816000002
0.00017748 ,113.5872
8.39269868e-05 ,53.713271552
7.63584944e-05 ,48.869436416
0.00016785 ,107.424
9.70036737e-05 ,62.082351168
0.00017789 ,113.8496
1.48975361e-05 ,9.534423104
0.00016661 ,106.63040000000001
4.80624865e-05 ,30.75999136
5.84171777e-05 ,37.386993728
2.45952307e-05 ,15.740947648
7.41834721e-06 ,4.7477422144
0.00011443 ,73.2352
4.75896501e-05 ,30.457376063999998
0.00010297 ,65.90079999999999
0.00013428 ,85.93919999999999
0.00014514 ,92.88960000000002
8.4098587e-05 ,53.82309568
2.37448324e-05 ,15.196692736000001
0.00018548 ,118.7072
5.64784153e-05 ,36.146185792
0.00011086 ,70.9504
1.87866388e-05 ,12.023448832000001
0.0001317 ,84.28800000000001
0.00014802 ,94.73280000000001
7.03755509e-05 ,45.040352576000004
0.00010112 ,64.71679999999999
0.00010243 ,65.5552
0.0001735 ,111.03999999999999
4.91098463e-05 ,31.430301632000003
0.00015752 ,100.8128
9.35063351e-05 ,59.844054464
5.14305473e-05 ,32.915550272
0.00015832 ,101.3248
0.00014238 ,91.1232
0.00013432 ,85.9648
0.00014085 ,90.144
0.0001146 ,73.344
0.00013828 ,88.4992
8.18986717e-06 ,5.2415149888000006
8.29986896e-05 ,53.119161344
8.28933684e-05 ,53.051755776
7.46365554e-05 ,47.76739545600001
5.35766723e-05 ,34.289070272000004
0.00012411 ,79.43039999999999
5.83174492e-05 ,37.323167488
6.6163937e-05 ,42.344919680000004
3.49055987e-05 ,22.339583168000004
0.00017804 ,113.9456
5.84054845e-05 ,37.37951008
0.00018489 ,118.3296
1.38788542e-05 ,8.882466688
6.51377012e-05 ,41.688128768
4.78755833e-05 ,30.640373312
2.20569021e-05 ,14.116417343999998
9.29733244e-05 ,59.502927616
5.42424771e-05 ,34.715185344000005
6.72248142e-05 ,43.023881087999996
7.6726416e-05 ,49.104906240000005
9.35099083e-05 ,59.846341312
0.00012945 ,82.84800000000001
0.00011235 ,71.904
2.39528826e-05 ,15.329844864
0.00016847 ,107.82079999999999
0.00015173 ,97.1072
8.91974113e-05 ,57.086343232000004
7.71738775e-05 ,49.3912816
4.10810474e-06 ,2.6291870336
0.00014362 ,91.9168
6.21672198e-05 ,39.787020672
9.95180022e-05 ,63.691521408
0.00016858 ,107.89119999999998
0.00017173 ,109.90720000000002
9.0855239e-05 ,58.147352960000006
4.2224571e-05 ,27.02372544
0.00016771 ,107.3344
9.9546304e-05 ,63.70963456
0.00016103 ,103.0592
5.20702036e-06 ,3.3324930304000002
2.53233472e-05 ,16.206942208
5.73610781e-05 ,36.711089984
3.70177234e-05 ,23.691342976
0.00014882 ,95.2448
5.35099758e-05 ,34.246384512
0.00012754 ,81.62559999999999
0.00010519 ,67.3216
0.0001655 ,105.92
0.00011576 ,74.0864
0.00015181 ,97.1584
0.00011866 ,75.9424
5.18686434e-05 ,33.195931775999995
0.00015728 ,100.6592
9.50974174e-05 ,60.862347136
0.0001064 ,68.096
6.93746532e-05 ,44.39977804800001
0.00010988 ,70.3232
6.50203765e-05 ,41.61304095999999
0.00010647 ,68.14080000000001
4.16177631e-05 ,26.635368383999996
0.00011521 ,73.73440000000001
9.20408044e-05 ,58.906114816
1.37489256e-05 ,8.799312384
2.47268741e-05 ,15.825199424000001
0.00017587 ,112.5568
8.65706515e-05 ,55.405216960000004
0.00018156 ,116.19839999999999
7.68496211e-05 ,49.183757504
0.0001146 ,73.344
7.35813069e-05 ,47.092036416
0.00014306 ,91.55839999999999
0.00012189 ,78.0096
8.75394421e-05 ,56.025242944
2.43190172e-05 ,15.564171007999999
6.70059436e-05 ,42.883803904000004
0.00016474 ,105.4336
0.000114 ,72.96000000000001
0.00014197 ,90.86079999999998
3.33891468e-05 ,21.369053951999998
0.00013009 ,83.2576
0.00013679 ,87.5456
0.0001511 ,96.704
7.82549557e-05 ,50.083171648000004
2.76470034e-05 ,17.694082176
0.0001603 ,102.592
0.00013733 ,87.89119999999998
8.1365312e-05 ,52.07379968000001
0.00011589 ,74.1696
1.54700992e-05 ,9.900863488
9.94638632e-05 ,63.656872448
5.71432177e-06 ,3.6571659328
4.70010276e-05 ,30.080657664
0.00018016 ,115.3024
0.00018488 ,118.32320000000001
7.82123979e-05 ,50.055934656000005
6.36053742e-05 ,40.707439488000006
6.5641022e-05 ,42.010254079999996
0.00013896 ,88.9344
8.59034286e-06 ,5.4978194304
7.08829777e-05 ,45.365105728
8.36427359e-05 ,53.531350976
8.38288972e-05 ,53.650494208
0.00010019 ,64.1216
9.31206576e-05 ,59.59722086399999
0.00013928 ,89.13920000000002
7.36843261e-05 ,47.157968704
0.00014747 ,94.3808
0.00014744 ,94.36160000000001
4.28258608e-05 ,27.408550912000003
7.98645739e-05 ,51.113327296
6.19737933e-05 ,39.663227712
8.03903082e-06 ,5.1449797248
6.05828754e-05 ,38.773040256
7.13554315e-05 ,45.66747616
0.00015174 ,97.1136
4.00172203e-05 ,25.611020992
0.00011624 ,74.39359999999999
3.66810982e-05 ,23.475902847999997
6.70706412e-05 ,42.925210368
5.32363066e-05 ,34.071236224
4.11145038e-05 ,26.313282432
0.00014587 ,93.35679999999999
1.44731954e-05 ,9.262845056
8.18511722e-05 ,52.384750208
8.99588352e-05 ,57.573654528000006
0.00010032 ,64.2048
0.00010443 ,66.8352
3.62996666e-05 ,23.231786623999998
9.74646151e-05 ,62.377353664
0.00015194 ,97.2416
0.00012225 ,78.24
2.50996487e-05 ,16.063775168
8.62694836e-05 ,55.21246950399999
0.00017531 ,112.19839999999999
3.81937372e-05 ,24.443991807999996
7.02201291e-05 ,44.940882624
0.00014144 ,90.5216
4.63273419e-05 ,29.649498816000005
0.000171 ,109.44000000000001
0.00016356 ,104.67840000000001
1.42489036e-05 ,9.119298303999999
0.00010872 ,69.5808
9.20069002e-05 ,58.884416128000005
1.48448025e-05 ,9.5006736
0.0001664 ,106.496
0.00014906 ,95.39840000000001
8.38825893e-05 ,53.684857152000006
0.00011555 ,73.952
0.00016751 ,107.2064
0.00018254 ,116.82560000000001
2.1592165e-05 ,13.8189856
0.00014379 ,92.0256
0.00014747 ,94.3808
1.16420137e-05 ,7.450888768
6.92931633e-05 ,44.347624512
0.00018652 ,119.3728
9.33987259e-05 ,59.775184575999994
0.00016461 ,105.35040000000001
1.19844759e-05 ,7.670064576
8.2318565e-05 ,52.6838816
7.06597641e-05 ,45.22224902400001
0.00015693 ,100.43520000000001
0.00011851 ,75.8464
9.64246546e-05 ,61.711778944
2.26650111e-06 ,1.4505607103999998
0.00018692 ,119.6288
0.00015847 ,101.4208
7.8477739e-05 ,50.22575296
9.95806014e-06 ,6.373158489600001
8.27297085e-05 ,52.94701344
4.40159052e-05 ,28.170179327999996
0.00013383 ,85.6512
7.00825403e-05 ,44.852825792
0.00013358 ,85.4912
5.28805769e-05 ,33.843569216000006
0.00010227 ,65.4528
0.00012308 ,78.7712
0.00017962 ,114.9568
4.13613745e-05 ,26.47127968
7.813945e-06 ,5.0009248
0.00015624 ,99.99360000000001
8.45949166e-05 ,54.140746624
0.00014287 ,91.4368
0.00015208 ,97.3312
0.00016667 ,106.6688
0.0001493 ,95.55199999999999
9.38428768e-05 ,60.059441152000005
0.00012948 ,82.8672
0.00018386 ,117.6704
2.13828546e-06 ,1.3685026944
9.01464548e-05 ,57.693731072
8.68882035e-05 ,55.608450239999996
4.19408167e-05 ,26.842122688
0.00013531 ,86.59840000000001
0.00014211 ,90.9504
0.00015171 ,97.0944
0.00018548 ,118.7072
0.00010233 ,65.4912
0.00015767 ,100.9088
0.00012793 ,81.8752
1.15388662e-05 ,7.384874368
1.8603807e-05 ,11.90643648
5.37894462e-05 ,34.425245568
6.27320402e-05 ,40.148505727999996
0.00010156 ,64.9984
5.84320272e-05 ,37.396497408
6.35548498e-05 ,40.67510387200001
2.36534352e-05 ,15.138198528
0.00017685 ,113.18399999999998
9.61426175e-05 ,61.531275199999996
4.07235412e-05 ,26.063066367999998
0.00014847 ,95.0208
0.00018016 ,115.3024
0.00014941 ,95.6224
9.26810943e-05 ,59.31590035199999
0.00011046 ,70.6944
0.00018572 ,118.8608
0.00014575 ,93.28
1.06541313e-05 ,6.818644032
0.00012197 ,78.0608
0.00017562 ,112.3968
0.00015914 ,101.84960000000001
0.0001448 ,92.672
2.90504875e-06 ,1.8592312
0.00013202 ,84.4928
2.09411498e-05 ,13.402335872
7.52671341e-05 ,48.17096582399999
8.40560827e-05 ,53.795892928
0.00017409 ,111.41760000000002
8.10941681e-05 ,51.900267584000005
0.00018418 ,117.87519999999999
7.59943492e-05 ,48.63638348800001
2.7428355e-05 ,17.554147200000003
0.00011125 ,71.19999999999999
0.00010259 ,65.6576
0.00016147 ,103.3408
9.71790672e-05 ,62.194603008
6.07396329e-05 ,38.873365056
0.00010219 ,65.40159999999999
0.00010921 ,69.8944
4.4517518e-07 ,0.2849121152
0.00015173 ,97.1072
7.48538395e-06 ,4.790645727999999
0.00013892 ,88.90880000000001
5.43039778e-05 ,34.754545792
1.39433622e-06 ,0.8923751808000001
7.04879036e-05 ,45.112258304
0.00012663 ,81.0432
3.48514338e-05 ,22.304917632
8.56879817e-05 ,54.840308288
2.40449506e-05 ,15.388768384
0.00015064 ,96.4096
8.49096139e-05 ,54.342152896
3.28127752e-05 ,21.000176128
4.49670622e-05 ,28.778919807999998
0.00010563 ,67.6032
0.0001309 ,83.77600000000001
4.6484702e-05 ,29.750209279999996
4.26443094e-05 ,27.292358015999998
7.07708694e-05 ,45.293356416
0.00017778 ,113.7792
1.1745298e-05 ,7.516990720000001
1.73311797e-06 ,1.1091955008
0.00013427 ,85.9328
0.00012029 ,76.9856
0.00015632 ,100.0448
0.00015193 ,97.23519999999999
7.0374794e-06 ,4.503986815999999
4.37776616e-07 ,0.28017703424
1.34690913e-05 ,8.620218432
0.00010756 ,68.8384
6.79049574e-05 ,43.459172736
1.8665281e-05 ,11.94577984
0.00012937 ,82.79679999999999
2.73217924e-05 ,17.485947136
0.00016418 ,105.0752
4.96423387e-05 ,31.771096768000003
0.00011188 ,71.6032
3.30900443e-05 ,21.177628352
7.90626114e-07 ,0.5060007129599999
6.30638791e-06 ,4.0360882624
7.19607272e-05 ,46.054865408000005
0.00010481 ,67.0784
0.00010371 ,66.3744
0.00011018 ,70.5152
1.61036263e-05 ,10.306320832
3.21935239e-05 ,20.603855296
3.4920684e-05 ,22.34923776
7.1149375e-05 ,45.5356
0.000143 ,91.52000000000001
2.29472933e-05 ,14.686267712
0.0001618 ,103.55199999999999
0.00012677 ,81.1328
9.49094677e-05 ,60.742059327999996
0.00017619 ,112.76160000000002
0.00016989 ,108.72959999999999
2.87146103e-05 ,18.377350592
0.00016169 ,103.4816
0.00018188 ,116.4032
0.00015615 ,99.936
0.00014456 ,92.51840000000001
3.34427929e-05 ,21.403387455999997
0.00016992 ,108.74879999999999
1.06342197e-05 ,6.805900608000001
0.00011973 ,76.62719999999999
0.00017328 ,110.8992
3.28960674e-05 ,21.053483136
0.00012807 ,81.96480000000001
5.77471785e-05 ,36.958194240000005
8.95082745e-05 ,57.28529568
7.18779382e-05 ,46.001880448
1.97598756e-05 ,12.646320384000001
2.88815969e-05 ,18.484222016
0.00012568 ,80.43520000000001
6.75290261e-05 ,43.218576704
4.91382409e-05 ,31.448474175999998
0.00016862 ,107.9168
5.14438061e-05 ,32.924035904
4.53350804e-05 ,29.014451456
7.24374737e-05 ,46.359983168
7.84354088e-05 ,50.198661632
0.00017664 ,113.0496
7.08078523e-05 ,45.317025472
1.89209295e-06 ,1.210939488
0.00011059 ,70.77759999999999
0.00017532 ,112.2048
0.00015554 ,99.5456
1.05058333e-05 ,6.723733312
9.80234015e-05 ,62.73497696
1.86411299e-07 ,0.11930323135999998
7.07229959e-05 ,45.262717376
0.00011963 ,76.5632
1.34887736e-06 ,0.8632815104
8.46010326e-05 ,54.144660864
7.78978726e-05 ,49.854638464000004
0.00013666 ,87.4624
0.00012301 ,78.72640000000001
0.00016271 ,104.1344
0.00013169 ,84.2816
0.00016316 ,104.4224
9.60813769e-06 ,6.149208121599999
0.00016116 ,103.1424
9.37744427e-05 ,60.015643328
0.00017465 ,111.776
8.87893739e-05 ,56.825199295999994
0.00018432 ,117.9648
0.00013383 ,85.6512
4.37539216e-05 ,28.002509824
0.00018219 ,116.60159999999999
0.00011548 ,73.9072
1.28763925e-05 ,8.2408912
0.00014473 ,92.6272
0.00015694 ,100.4416
7.97356863e-05 ,51.030839232000005
6.09809001e-05 ,39.027776064
8.63271625e-05 ,55.249384
0.00015756 ,100.83840000000001
8.6328713e-05 ,55.25037632
1.79080447e-05 ,11.461148608
0.00010409 ,66.6176
0.00010256 ,65.6384
3.35910226e-05 ,21.498254464
2.69889161e-05 ,17.272906304
0.00015294 ,97.88160000000002
6.02619089e-05 ,38.567621696
4.70642009e-05 ,30.121088576
0.00013317 ,85.2288
7.64807943e-05 ,48.947708352
1.2044969e-05 ,7.70878016
0.00012277 ,78.5728
0.0001851 ,118.464
0.00014273 ,91.34720000000002
0.00017094 ,109.4016
0.00014651 ,93.7664
9.77269199e-07 ,0.6254522873599999
2.63469503e-05 ,16.862048192
6.26544858e-05 ,40.098870912
8.74596803e-05 ,55.974195392
3.04224869e-05 ,19.470391615999997
0.0001842 ,117.888
0.00015827 ,101.2928
1.24650181e-05 ,7.977611584
1.00241751e-05 ,6.415472063999999
0.00011097 ,71.0208
5.83708799e-05 ,37.357363136
2.1321419e-06 ,1.364570816
9.54335361e-05 ,61.077463103999996
0.00018134 ,116.05760000000001
0.00018193 ,116.43519999999998
7.30921562e-05 ,46.778979967999994
6.21832326e-06 ,3.9797268864
0.00013273 ,84.94720000000001
0.00015586 ,99.7504
2.03635399e-05 ,13.032665536000001
0.00014715 ,94.176
0.00012855 ,82.27199999999999
0.00016054 ,102.74560000000001
0.00016698 ,106.86720000000001
0.00010966 ,70.1824
9.48385988e-05 ,60.696703232
0.00016442 ,105.2288
0.00017711 ,113.3504
0.00010369 ,66.36160000000001
0.00017642 ,112.9088
5.93818102e-05 ,38.004358528
2.14457513e-05 ,13.725280832000003
0.00017892 ,114.5088
9.78008177e-05 ,62.592523328
4.6358639e-05 ,29.66952896
5.21283545e-05 ,33.36214688
6.21168729e-06 ,3.9754798655999997
1.86826692e-05 ,11.956908288000001
7.48050104e-05 ,47.875206656
0.00016492 ,105.5488
0.00010201 ,65.28639999999999
3.00725979e-05 ,19.246462656000002
0.00018308 ,117.1712
3.9167131e-05 ,25.06696384
3.56163665e-05 ,22.794474559999998
0.00018065 ,115.616
7.56586977e-05 ,48.421566528
2.66855626e-05 ,17.078760064
0.00010129 ,64.82560000000001
9.13774463e-05 ,58.481565632
5.37398779e-05 ,34.393521856
0.00010475 ,67.03999999999999
5.186155e-05 ,33.191392
1.56535414e-05 ,10.018266496
0.00014151 ,90.5664
2.46093668e-05 ,15.749994752
0.00014737 ,94.3168
0.00013693 ,87.6352
0.00011306 ,72.3584
5.78096503e-05 ,36.998176192
0.00011809 ,75.5776
0.00012885 ,82.464
0.00013934 ,89.1776
0.00014693 ,94.0352
0.00016913 ,108.2432
1.48174109e-05 ,9.483142976
9.22085644e-05 ,59.013481216
0.00014857 ,95.0848
0.00018454 ,118.10559999999998
8.18616867e-05 ,52.391479488
0.00018348 ,117.4272
0.00011299 ,72.31360000000001
0.00010114 ,64.72959999999999
6.76380169e-05 ,43.288330816
0.00015547 ,99.5008
0.00013358 ,85.4912
0.00013667 ,87.46880000000002
9.91559648e-05 ,63.459817472000005
0.00011531 ,73.7984
5.07353618e-06 ,3.2470631552
6.68332853e-05 ,42.773302592
4.91281305e-05 ,31.44200352
0.00010648 ,68.1472
0.00011992 ,76.7488
7.94632482e-05 ,50.856478848
0.00014181 ,90.7584
6.94509584e-05 ,44.448613376
0.00015569 ,99.6416
0.00015638 ,100.08319999999999
0.00013395 ,85.72800000000001
0.00018572 ,118.8608
0.00010123 ,64.7872
0.00018172 ,116.3008
1.131757e-05 ,7.243244799999999
8.0625099e-05 ,51.60006336000001
0.00017169 ,109.8816
5.05395622e-05 ,32.345319808
0.00012136 ,77.6704
8.44392871e-05 ,54.04114374400001
8.57837018e-05 ,54.901569152
9.59831141e-05 ,61.429193024
2.26541806e-06 ,1.4498675583999998
0.00016467 ,105.3888
0.00018051 ,115.5264
0.00013077 ,83.6928
2.14845042e-05 ,13.750082688
5.77161105e-05 ,36.938310720000004
1.04480887e-05 ,6.686776767999999
0.00011456 ,73.3184
9.26223597e-05 ,59.278310208
1.05748697e-05 ,6.767916608000001
1.90465269e-05 ,12.189777216
2.34467347e-05 ,15.005910208000001
0.00015174 ,97.1136
8.03647091e-05 ,51.433413824
0.00012925 ,82.72
1.41591406e-07 ,0.09061849984
1.75581689e-06 ,1.1237228096
0.00012138 ,77.6832
3.44738056e-05 ,22.063235583999997
0.00013774 ,88.1536
0.00016427 ,105.1328
0.00018536 ,118.6304
5.11878364e-05 ,32.760215296000005
0.00018329 ,117.30559999999998
5.07955462e-05 ,32.509149568
4.18000443e-05 ,26.752028352
3.37513309e-05 ,21.600851776
0.00012523 ,80.14719999999998
0.00011652 ,74.5728
0.00017214 ,110.16959999999999
5.12825994e-05 ,32.820863616
7.20770338e-05 ,46.129301631999994
0.00013158 ,84.2112
7.17437955e-05 ,45.91602912
0.00018749 ,119.99360000000001
7.58187153e-05 ,48.523977792000004
9.32442294e-05 ,59.676306816
6.49719447e-05 ,41.582044608000004
0.00011108 ,71.0912
0.00010447 ,66.8608
2.02256616e-05 ,12.944423424
0.0001728 ,110.59200000000001
5.04654191e-05 ,32.297868224000005
0.00014422 ,92.3008
6.5731724e-05 ,42.06830336
5.96623119e-05 ,38.183879616
2.87309011e-05 ,18.387776704
1.29191165e-05 ,8.26823456
6.67420175e-05 ,42.7148912
8.52535725e-05 ,54.5622864
6.25198271e-05 ,40.012689343999995
0.00018548 ,118.7072
0.00011458 ,73.3312
0.0001466 ,93.82400000000001
5.97142867e-06 ,3.8217143488
0.00016602 ,106.25280000000001
0.00015133 ,96.85119999999999
0.00018448 ,118.0672
2.52515785e-05 ,16.16101024
0.00017447 ,111.66080000000001
7.27209732e-05 ,46.54142284800001
2.98967992e-05 ,19.133951487999997
8.36011491e-05 ,53.504735423999996
4.30424559e-05 ,27.547171776
6.79077947e-05 ,43.46098860800001
8.19167059e-05 ,52.426691776
6.68367184e-05 ,42.775499776000004
7.96468758e-05 ,50.974000512
0.00012219 ,78.2016
6.80840984e-05 ,43.573822976
8.53026261e-05 ,54.593680704
8.84678724e-05 ,56.619438335999995
9.15469684e-05 ,58.590059776
0.0001424 ,91.136
7.73045587e-05 ,49.47491756800001
7.63902092e-05 ,48.889733887999995
6.88615316e-05 ,44.071380223999995
5.65778037e-05 ,36.209794368
7.66453319e-05 ,49.053012416
7.15400377e-05 ,45.785624128
0.0001699 ,108.73600000000002
5.80525738e-05 ,37.153647232
0.00010335 ,66.144
8.52231603e-05 ,54.542822592
0.00017571 ,112.4544
1.22884853e-05 ,7.864630592
2.28547827e-05 ,14.627060927999999
0.0001762 ,112.768
0.0001201 ,76.864
3.97533193e-06 ,2.5442124352
3.88534982e-05 ,24.866238848000002
3.70126223e-05 ,23.688078272
7.74716602e-05 ,49.581862528
4.89824739e-05 ,31.348783295999997
3.76702992e-05 ,24.108991488
6.6628134e-05 ,42.64200576
3.22297722e-05 ,20.627054208
4.07999458e-05 ,26.111965312000002
7.57819519e-05 ,48.50044921599999
0.0001669 ,106.816
1.61146387e-05 ,10.313368768
1.72814463e-05 ,11.060125632
0.0001833 ,117.31200000000001
8.35448454e-05 ,53.468701056
5.28827448e-05 ,33.844956672
0.0001612 ,103.16799999999999
0.00013693 ,87.6352
7.47016752e-05 ,47.809072128
0.00010235 ,65.50399999999999
0.00015455 ,98.91199999999999
0.00010385 ,66.464
0.00011174 ,71.5136
8.67612588e-06 ,5.552720563199999
0.00017166 ,109.86239999999998
7.42808343e-05 ,47.539733952
1.78396892e-05 ,11.417401088000002
0.00014445 ,92.448
1.89497162e-05 ,12.127818368
0.00012951 ,82.8864
9.7606375e-05 ,62.46808000000001
0.00014924 ,95.51360000000001
8.9327995e-05 ,57.1699168
4.30472364e-06 ,2.7550231296
1.67804699e-05 ,10.739500736
0.00015151 ,96.9664
5.26135884e-05 ,33.672696576
0.00012106 ,77.4784
2.45560794e-05 ,15.715890816
0.00011629 ,74.4256
0.00015803 ,101.1392
0.00017524 ,112.15360000000001
7.59555309e-06 ,4.8611539776
0.00013273 ,84.94720000000001
0.0001242 ,79.488
3.88331467e-05 ,24.853213888
0.00016011 ,102.4704
0.00011351 ,72.6464
0.00011029 ,70.5856
0.0001815 ,116.16
0.00017213 ,110.1632
3.16360304e-05 ,20.247059456000002
0.00011489 ,73.5296
0.00017098 ,109.4272
8.6223235e-05 ,55.1828704
0.00011326 ,72.4864
2.06944539e-05 ,13.244450495999999
4.45396866e-05 ,28.505399424000004
0.0001385 ,88.64000000000001
0.00010805 ,69.152
9.39788714e-05 ,60.146477696
9.86216354e-05 ,63.117846656
7.96289462e-05 ,50.962525568
4.11248995e-05 ,26.31993568
7.73482459e-05 ,49.502877375999994
0.0001633 ,104.512
1.83385436e-05 ,11.736667904
5.59100611e-05 ,35.782439104
9.0255301e-05 ,57.76339264
3.76319314e-05 ,24.084436095999997
1.3986577e-05 ,8.95140928
2.27132159e-05 ,14.536458176
6.67353339e-05 ,42.71061369600001
0.00017665 ,113.056
8.99341125e-05 ,57.557832
3.86255094e-05 ,24.720326016
0.00014655 ,93.792
1.58087478e-05 ,10.117598592
0.00010534 ,67.41760000000001
9.08312042e-05 ,58.131970688
0.00012872 ,82.3808
0.00017673 ,113.1072
0.00010656 ,68.1984
0.00018184 ,116.3776
0.00014579 ,93.3056
8.35384354e-05 ,53.464598656
7.85476097e-05 ,50.270470208000006
0.0001813 ,116.032
5.68977736e-05 ,36.414575104
1.74319114e-05 ,11.156423296
0.00012491 ,79.94239999999999
0.00017884 ,114.4576
1.89411039e-05 ,12.122306496
6.04858321e-05 ,38.710932544
0.00016144 ,103.3216
5.54311808e-05 ,35.475955712
3.97947583e-05 ,25.468645312000003
0.00011456 ,73.3184
0.00012144 ,77.72160000000001
9.00175036e-05 ,57.611202304
0.00018056 ,115.5584
9.40942775e-05 ,60.2203376
0.0001569 ,100.416
5.60609424e-05 ,35.879003136
0.00013664 ,87.44959999999999
2.6383485e-05 ,16.8854304
3.53684908e-05 ,22.635834111999998
9.58519182e-05 ,61.345227648
0.00015162 ,97.03679999999999
7.16758456e-05 ,45.872541184
8.68999907e-05 ,55.615994048
0.00010445 ,66.848
3.18349003e-05 ,20.374336191999998
1.70608218e-05 ,10.918925952
8.44256926e-05 ,54.032443263999994
2.84335835e-05 ,18.19749344
0.00013756 ,88.03840000000001
0.00014041 ,89.86239999999998
1.004539e-05 ,6.4290496
0.00018462 ,118.1568
0.00013204 ,84.50559999999999
0.0001156 ,73.98400000000001
3.82121895e-05 ,24.45580128
0.00018333 ,117.3312
0.00015611 ,99.9104
7.72227751e-05 ,49.422576064
7.29445248e-05 ,46.68449587200001
0.00013512 ,86.4768
7.17661986e-05 ,45.930367104
3.22841469e-05 ,20.661854016000003
5.02244499e-05 ,32.143647935999994
3.98991317e-05 ,25.535444288
5.7127529e-05 ,36.56161856
0.00015302 ,97.93279999999999
6.01819646e-05 ,38.516457344
0.00010789 ,69.0496
0.00016605 ,106.272
0.00015627 ,100.0128
6.16355885e-05 ,39.446776639999996
8.12643994e-05 ,52.00921561599999
0.00016512 ,105.67679999999999
0.00017058 ,109.1712
0.00010236 ,65.5104
5.48634811e-05 ,35.112627904
1.86741623e-05 ,11.951463871999998
0.00013202 ,84.4928
4.23672649e-05 ,27.115049536
0.00015731 ,100.67840000000001
0.00016133 ,103.2512
0.00017393 ,111.3152
0.00010811 ,69.19040000000001
0.00012284 ,78.61760000000001
0.00016404 ,104.9856
5.14248107e-06 ,3.2911878848
3.69274938e-05 ,23.633596032
5.89282764e-05 ,37.714096896
3.53197521e-05 ,22.604641343999997
2.07928426e-05 ,13.307419264
1.13804216e-05 ,7.283469824000001
4.73863062e-05 ,30.327235968
0.00013164 ,84.2496
6.0311706e-05 ,38.59949184
0.00011062 ,70.79679999999999
3.09529108e-05 ,19.809862912
0.00014287 ,91.4368
8.19332065e-05 ,52.43725216000001
0.00016481 ,105.4784
0.00016137 ,103.27680000000001
5.86342538e-06 ,3.7525922431999996
0.00016465 ,105.37599999999999
0.00015447 ,98.8608
1.01158902e-05 ,6.474169728
0.00016616 ,106.3424
0.00014477 ,92.65280000000001
0.00011607 ,74.2848
0.00010714 ,68.5696
0.00012998 ,83.1872
0.00011493 ,73.5552
4.51381116e-06 ,2.8888391423999997
5.28257252e-05 ,33.808464128
0.0001424 ,91.136
4.22740728e-05 ,27.055406592
5.8829654e-05 ,37.65097856
0.00015477 ,99.05280000000002
0.00018185 ,116.38400000000001
0.00014739 ,94.32960000000001
0.00014275 ,91.35999999999999
2.8971474e-05 ,18.54174336
0.00018458 ,118.13119999999999
0.0001763 ,112.83200000000001
3.23766601e-05 ,20.721062464000003
7.8891582e-05 ,50.49061248
8.09060365e-05 ,51.77986336
3.69534041e-05 ,23.650178624000002
2.10140528e-05 ,13.448993792000001
7.0437904e-05 ,45.08025856
0.00013168 ,84.27520000000001
7.57982755e-05 ,48.51089632000001
5.15480984e-05 ,32.990782976000006
0.00015233 ,97.49119999999999
9.1723613e-05 ,58.70311232
0.00017753 ,113.61919999999999
0.00012502 ,80.0128
0.00010055 ,64.352
0.00013788 ,88.2432
9.86807626e-05 ,63.155688064
0.00010827 ,69.2928
6.58373793e-05 ,42.135922752
1.75101497e-06 ,1.1206495807999999
2.43317142e-05 ,15.572297088
7.28820129e-05 ,46.644488256
2.06869774e-05 ,13.239665536
3.33621542e-05 ,21.351778688
8.23950121e-05 ,52.732807744
2.26703584e-05 ,14.509029376
0.00017351 ,111.0464
0.00014422 ,92.3008
4.00203561e-05 ,25.613027904
0.00016454 ,105.3056
3.56436367e-05 ,22.811927488000002
0.00017221 ,110.2144
7.68674646e-05 ,49.195177344
0.00015868 ,101.55519999999999
6.17328676e-05 ,39.509035264000005
6.43220209e-05 ,41.166093376
7.55225901e-05 ,48.334457664000006
0.00015311 ,97.9904
0.00012477 ,79.85280000000002
2.55303564e-05 ,16.339428096000002
7.95891932e-05 ,50.937083648
5.08257137e-05 ,32.528456768
0.00013324 ,85.2736
9.74037944e-05 ,62.338428416
6.30308562e-05 ,40.339747968
9.8298303e-05 ,62.91091391999999
4.35447422e-05 ,27.868635008
0.00016672 ,106.7008
4.87358784e-05 ,31.190962176
0.00013323 ,85.26719999999999
0.00010635 ,68.064
0.00015613 ,99.92320000000001
2.93260616e-05 ,18.768679424000002
0.00014359 ,91.8976
5.30220814e-05 ,33.934132096
5.7032167e-06 ,3.6500586879999997
1.96916692e-05 ,12.602668288
0.00012702 ,81.2928
0.00010322 ,66.0608
8.64449131e-06 ,5.5324744384
7.32315692e-06 ,4.6868204288
0.00016956 ,108.51839999999999
0.00016086 ,102.9504
0.0001664 ,106.496
1.92119869e-05 ,12.295671616000002
0.00010266 ,65.7024
4.45365041e-05 ,28.503362623999998
0.00011326 ,72.4864
0.00016793 ,107.4752
7.35513668e-05 ,47.072874752000004
0.0001375 ,88.0
9.08071037e-05 ,58.116546368
1.96770092e-05 ,12.593285887999999
0.00014577 ,93.2928
2.81871247e-05 ,18.039759808
0.00011941 ,76.4224
0.00010714 ,68.5696
4.91781485e-05 ,31.474015039999998
3.98767954e-05 ,25.521149056
0.0001571 ,100.544
0.00012561 ,80.3904
0.0001703 ,108.99199999999999
1.80727267e-05 ,11.566545088
6.81998167e-05 ,43.647882687999996
0.00017697 ,113.26080000000002
4.77917309e-05 ,30.586707775999997
0.00013407 ,85.8048
0.00010576 ,67.6864
3.0426713e-05 ,19.47309632
0.00011347 ,72.6208
0.00014417 ,92.2688
0.00013492 ,86.34879999999998
0.00012489 ,79.9296
0.0001459 ,93.376
0.00012077 ,77.2928
2.91714452e-05 ,18.669724928
4.27653168e-05 ,27.369802752000002
2.11663685e-05 ,13.546475840000001
0.00012283 ,78.6112
0.00014543 ,93.0752
0.00011972 ,76.6208
1.13757547e-06 ,0.7280483008
0.00014731 ,94.2784
3.15551544e-05 ,20.195298816
0.00012616 ,80.7424
0.00016865 ,107.93599999999999
5.69262454e-05 ,36.432797056
9.96964367e-05 ,63.805719488
0.00016761 ,107.27040000000001
0.00013418 ,85.87519999999999
1.4054916e-06 ,0.899514624
0.00010089 ,64.56960000000001
0.00011764 ,75.28960000000001
0.00010651 ,68.1664
0.00011623 ,74.3872
4.176034e-05 ,26.7266176
0.00011457 ,73.3248
5.00156258e-05 ,32.010000512
0.00015045 ,96.288
0.00015636 ,100.0704
9.43966521e-05 ,60.41385734399999
0.0001223 ,78.27199999999999
0.00017294 ,110.6816
0.00015163 ,97.04320000000001
5.51460098e-05 ,35.293446272
7.527697e-05 ,48.1772608
0.00014395 ,92.128
3.67607865e-05 ,23.526903360000002
0.00015559 ,99.5776
6.5573638e-05 ,41.96712832
7.40611457e-05 ,47.399133248000005
0.00011215 ,71.776
7.50525083e-05 ,48.033605312
9.55337148e-05 ,61.141577472
1.57550407e-05 ,10.083226048
0.00017169 ,109.8816
2.8798508e-05 ,18.43104512
0.0001735 ,111.03999999999999
0.0001156 ,73.98400000000001
1.01660116e-05 ,6.506247424
0.0001677 ,107.328
0.00016763 ,107.2832
0.00013098 ,83.82719999999999
0.00010637 ,68.0768
7.53028895e-05 ,48.193849279999995
0.00017419 ,111.48160000000001
8.98403238e-05 ,57.49780723200001
0.00018699 ,119.6736
3.03139877e-05 ,19.400952128
0.00017857 ,114.2848
0.0001604 ,102.65599999999999
0.00011247 ,71.9808
0.0001719 ,110.01599999999999
4.37905135e-05 ,28.025928640000004
7.48391841e-05 ,47.897077824
3.9762145e-06 ,2.54477728
0.00015397 ,98.54079999999999
1.36312665e-05 ,8.72401056
0.00012246 ,78.3744
0.00011053 ,70.7392
0.00013949 ,89.2736
0.00015783 ,101.0112
7.77418494e-05 ,49.754783616000005
0.00015333 ,98.13119999999999
9.84262277e-05 ,62.992785728
5.97601875e-05 ,38.24652
0.00015176 ,97.1264
0.00016767 ,107.30879999999999
4.62889582e-05 ,29.624933248
9.23865476e-05 ,59.127390464
0.00011517 ,73.7088
9.47483685e-05 ,60.63895584
0.00010671 ,68.2944
1.16939508e-05 ,7.484128512
0.00017071 ,109.2544
0.00016537 ,105.8368
8.49258201e-05 ,54.352524863999996
5.47684992e-05 ,35.051839488
0.0001321 ,84.54400000000001
3.55595293e-05 ,22.758098752
0.00010472 ,67.0208
3.9610311e-05 ,25.350599040000002
0.00017288 ,110.64320000000001
0.00011834 ,75.7376
0.00017955 ,114.91199999999999
9.53431927e-05 ,61.019643328
5.58269218e-05 ,35.729229952000004
0.00015206 ,97.3184
9.38848025e-05 ,60.0862736
0.00015577 ,99.6928
7.96533279e-05 ,50.978129856
0.00013243 ,84.7552
6.23391123e-05 ,39.897031872
1.32419787e-05 ,8.474866368
0.00015515 ,99.296
6.95009746e-06 ,4.4480623744
0.00013063 ,83.6032
0.00010894 ,69.7216
1.85388858e-05 ,11.864886912000001
6.44943319e-05 ,41.276372416
0.00010313 ,66.00319999999999
9.9062422e-05 ,63.399950079999996
0.00014116 ,90.3424
0.00012775 ,81.75999999999999
9.29362893e-05 ,59.479225152
0.00016476 ,105.4464
9.14456585e-05 ,58.525221439999996
3.68986647e-06 ,2.3615145408
1.00772217e-05 ,6.449421888
2.8093973e-05 ,17.98014272
5.76925289e-05 ,36.923218496
0.00013444 ,86.0416
2.01217544e-05 ,12.877922816
8.43405731e-06 ,5.3977966784
9.23556772e-05 ,59.107633408
9.90844126e-05 ,63.414024064
3.94455941e-05 ,25.245180224000002
0.00013026 ,83.3664
0.00011391 ,72.9024
0.00010686 ,68.3904
0.0001103 ,70.592
7.92749876e-05 ,50.735992064
2.09928356e-05 ,13.435414783999999
6.32476988e-06 ,4.0478527232
9.00705174e-05 ,57.645131135999996
0.0001224 ,78.336
0.0001033 ,66.112
0.00011239 ,71.92960000000001
1.64290689e-05 ,10.514604096
0.00010871 ,69.5744
3.09353897e-05 ,19.798649408
0.00012061 ,77.1904
0.00013237 ,84.7168
0.00013885 ,88.86399999999998
1.76471736e-05 ,11.294191104
7.46054315e-06 ,4.774747616
0.0001201 ,76.864
6.16021161e-05 ,39.425354304
0.00018009 ,115.2576
0.00012611 ,80.71039999999999
0.00013663 ,87.4432
0.00017822 ,114.06080000000001
0.00011542 ,73.86880000000001
4.38779287e-05 ,28.081874368
0.00018725 ,119.84
4.96343206e-05 ,31.765965184
5.60253836e-05 ,35.856245504
0.00013313 ,85.2032
0.00013573 ,86.8672
0.00013926 ,89.12639999999999
1.77645439e-05 ,11.369308096000001
0.0001548 ,99.072
0.00010078 ,64.4992
0.00013517 ,86.5088
9.42431051e-05 ,60.315587264
0.00013279 ,84.9856
7.04142148e-05 ,45.065097472
0.00011153 ,71.3792
4.19954797e-06 ,2.6877107008000003
0.00012138 ,77.6832
3.53068734e-05 ,22.596398976
4.79406145e-05 ,30.681993280000004
5.71574035e-05 ,36.58073824
0.00011059 ,70.77759999999999
4.39095768e-05 ,28.102129151999996
5.85189081e-06 ,3.7452101184
0.000106 ,67.84
0.0001302 ,83.32799999999999
1.32941448e-05 ,8.508252672000001
0.00012061 ,77.1904
0.00018038 ,115.4432
0.00013963 ,89.36319999999998
6.68592444e-05 ,42.789916416000004
5.34824752e-05 ,34.228784128
0.00012769 ,81.7216
9.85147506e-05 ,63.04944038400001
0.0001162 ,74.36800000000001
5.76209669e-05 ,36.877418816
6.37764358e-05 ,40.816918912000006
9.30609087e-05 ,59.558981568
0.00012366 ,79.1424
0.0001776 ,113.664
7.6579349e-05 ,49.010783360000005
4.76304709e-05 ,30.483501376
0.00012306 ,78.7584
0.00017284 ,110.6176
9.66154445e-05 ,61.833884479999995
4.01811641e-05 ,25.715945024
0.00011151 ,71.3664
0.00014922 ,95.50080000000001
2.63102379e-05 ,16.838552256
0.00018145 ,116.128
0.00014086 ,90.1504
0.00015141 ,96.9024
8.09420854e-05 ,51.802934656000005
9.79930969e-05 ,62.715582016
3.35659242e-05 ,21.482191487999998
3.52562034e-05 ,22.563970175999998
8.70820019e-05 ,55.73248121600001
9.09311056e-05 ,58.195907584000004
3.95835359e-05 ,25.333462976
0.00010342 ,66.1888
0.00014821 ,94.85439999999998
0.00012421 ,79.4944
8.71341965e-05 ,55.765885759999996
2.05953741e-05 ,13.181039424000002
6.00820569e-05 ,38.452516416
0.00013477 ,86.25280000000001
2.83175404e-05 ,18.123225856
0.00012131 ,77.6384
5.2249481e-05 ,33.43966784
8.26391838e-05 ,52.889077632
5.00551134e-05 ,32.035272576000004
4.76850057e-05 ,30.518403648000003
1.81622161e-05 ,11.623818304
0.00018542 ,118.6688
0.00015091 ,96.5824
0.00018276 ,116.9664
0.00016369 ,104.7616
9.56229784e-05 ,61.198706176
0.00011421 ,73.09440000000001
7.55599559e-05 ,48.358371776
5.63445679e-05 ,36.060523456
0.00016397 ,104.94079999999998
9.7117946e-05 ,62.15548544
9.45550941e-05 ,60.515260224
0.00016887 ,108.07679999999999
0.00015385 ,98.464
0.00017141 ,109.70239999999998
0.00018467 ,118.1888
0.0001196 ,76.544
0.00014363 ,91.92320000000001
3.6699475e-06 ,2.3487664
8.97547207e-05 ,57.443021248
6.77909542e-05 ,43.386210688000006
3.47299752e-05 ,22.227184128000005
2.27731977e-05 ,14.574846528
3.63468681e-05 ,23.261995583999997
0.00013706 ,87.71839999999999
0.00017548 ,112.3072
3.12878152e-05 ,20.024201728
0.00010174 ,65.11359999999999
5.71064087e-05 ,36.548101568
0.00011288 ,72.2432
0.0001442 ,92.288
0.00013439 ,86.00959999999999
0.00013893 ,88.9152
1.10938286e-05 ,7.100050304
0.00011718 ,74.99520000000001
8.80101787e-05 ,56.326514368
2.82637915e-05 ,18.08882656
2.34281069e-06 ,1.4993988415999997
4.15640137e-05 ,26.600968768
4.85005403e-05 ,31.040345792
0.00017767 ,113.7088
0.00018425 ,117.92
3.39452565e-05 ,21.72496416
7.61412259e-05 ,48.730384576
7.85227193e-05 ,50.254540352
3.09911516e-05 ,19.834337024
0.00010623 ,67.9872
8.89703846e-05 ,56.941046144
7.86135775e-05 ,50.3126896
3.47766368e-05 ,22.257047551999996
0.00013398 ,85.74719999999999
0.00015249 ,97.5936
0.00012484 ,79.89760000000001
2.52364294e-05 ,16.151314816
7.79950577e-05 ,49.916836927999995
0.00015135 ,96.86399999999999
1.03453728e-05 ,6.6210385920000006
7.40846661e-05 ,47.414186304
3.46381e-05 ,22.168384000000003
1.45316613e-05 ,9.300263232
1.78498944e-05 ,11.423932416
9.35732822e-05 ,59.886900608
0.00013541 ,86.6624
1.16499346e-05 ,7.455958144
0.00011786 ,75.4304
7.5492213e-05 ,48.31501632
2.23969634e-06 ,1.4334056576
5.39351424e-05 ,34.518491135999994
1.23704186e-05 ,7.9170679040000005
0.00013028 ,83.3792
0.0001788 ,114.43200000000002
4.14761066e-05 ,26.544708224
0.00018249 ,116.7936
0.00013824 ,88.4736
5.34058161e-05 ,34.179722303999995
5.71498542e-05 ,36.575906687999996
0.00012063 ,77.2032
3.99084942e-05 ,25.541436288
0.00013781 ,88.1984
4.9274728e-05 ,31.53582592
4.02422589e-05 ,25.755045696
6.7180954e-05 ,42.99581056
1.39611371e-05 ,8.935127743999999
7.6430431e-05 ,48.91547584
0.00012026 ,76.96640000000001
0.00014771 ,94.5344
0.00013707 ,87.7248
1.29893185e-06 ,0.831316384
0.00011947 ,76.4608
8.47914652e-06 ,5.4266537728
0.00014175 ,90.72000000000001
5.54617809e-05 ,35.495539776
7.87613998e-05 ,50.407295872000006
8.5418301e-05 ,54.667712640000005
0.00017664 ,113.0496
0.00010145 ,64.928
0.00018649 ,119.35360000000001
6.88259997e-05 ,44.048639808000004
8.48350698e-05 ,54.294444672000004
4.20362676e-05 ,26.903211264000003
8.78229481e-05 ,56.206686784
9.3144624e-05 ,59.61255936
0.00011038 ,70.6432
0.00014654 ,93.78559999999999
0.00017207 ,110.1248
8.84970981e-05 ,56.638142783999996
7.36460177e-05 ,47.133451328
5.84538064e-05 ,37.410436096
8.71050312e-05 ,55.747219967999996
9.95469883e-05 ,63.710072511999996
7.30803352e-05 ,46.771414528
0.00011598 ,74.2272
7.79352755e-05 ,49.87857632
0.00015698 ,100.4672
0.00016824 ,107.6736
0.00011404 ,72.9856
0.00014511 ,92.87039999999999
0.00015037 ,96.2368
0.00016249 ,103.9936
0.00017612 ,112.7168
3.14717222e-05 ,20.141902208
5.76379376e-05 ,36.888280064
6.56101094e-06 ,4.199047001599999
4.26395828e-05 ,27.289332992
0.0001404 ,89.856
0.00017396 ,111.3344
0.00013514 ,86.48960000000001
3.1904641e-05 ,20.41897024
4.26016731e-05 ,27.265070784000002
3.82726626e-05 ,24.494504064
0.00014277 ,91.37279999999998
0.00017059 ,109.1776
0.00011157 ,71.4048
6.37451704e-05 ,40.796909056
7.07425386e-05 ,45.275224704
4.55286278e-05 ,29.138321792000003
2.7723661e-05 ,17.74314304
2.81882849e-05 ,18.040502336
5.18215424e-05 ,33.165787136
0.00017524 ,112.15360000000001
6.50505814e-05 ,41.632372096
3.6018291e-05 ,23.05170624
0.00012852 ,82.2528
0.00016938 ,108.4032
0.00017508 ,112.05120000000001
0.00016192 ,103.62880000000001
5.84900023e-05 ,37.433601472
0.00011414 ,73.0496
1.27836676e-05 ,8.181547263999999
0.00014118 ,90.3552
8.31820246e-05 ,53.236495744
0.00013184 ,84.3776
0.00015096 ,96.6144
0.00016991 ,108.7424
0.00016626 ,106.40639999999999
2.81211816e-05 ,17.997556224
5.17210228e-05 ,33.101454592
1.35594187e-05 ,8.678027967999999
0.00012228 ,78.25919999999999
9.57170338e-05 ,61.25890163199999
4.35531108e-05 ,27.873990912000004
7.49212491e-05 ,47.94959942399999
2.82977256e-06 ,1.8110544383999998
1.58440248e-05 ,10.140175872
0.0001214 ,77.696
0.00013928 ,89.13920000000002
0.00016081 ,102.9184
0.00011802 ,75.5328
0.00016377 ,104.8128
7.62047508e-05 ,48.771040512
2.94578257e-05 ,18.853008448
0.00012457 ,79.72480000000002
7.59765436e-05 ,48.624987903999994
6.30075957e-05 ,40.324861248000005
0.00016518 ,105.7152
0.00012601 ,80.64639999999999
0.00015018 ,96.1152
8.31760963e-05 ,53.232701632
0.00012377 ,79.21279999999999
0.00010073 ,64.4672
2.54834026e-05 ,16.309377664
2.7953861e-05 ,17.89047104
0.0001103 ,70.592
7.43129416e-05 ,47.560282624
0.00017628 ,112.81920000000001
4.38842347e-05 ,28.085910208
0.0001798 ,115.072
0.00017227 ,110.25280000000001
7.35996052e-05 ,47.103747328
3.34042776e-05 ,21.378737664000003
5.66956011e-05 ,36.285184704
2.88949733e-05 ,18.492782912000003
7.46694619e-05 ,47.78845561600001
0.00010608 ,67.8912
0.00011479 ,73.4656
1.70305031e-05 ,10.899521984
4.95831694e-06 ,3.1733228415999997
6.69625099e-06 ,4.2856006336000005
0.00014331 ,91.71840000000002
0.00010148 ,64.9472
3.80275801e-05 ,24.337651264
0.00012917 ,82.6688
0.00013205 ,84.512
8.10336029e-05 ,51.861505856
0.00017659 ,113.0176
6.8530909e-06 ,4.385978176
0.00012981 ,83.0784
5.75775214e-05 ,36.849613696
0.00011768 ,75.31519999999999
1.69766487e-05 ,10.865055168
0.00014097 ,90.22080000000001
0.00014805 ,94.752
3.49241816e-05 ,22.351476224
0.00012941 ,82.8224
3.49686398e-05 ,22.379929472
0.00014813 ,94.8032
9.44437185e-05 ,60.443979840000004
8.69543966e-05 ,55.650813824
9.28388559e-05 ,59.416867776000004
9.28463979e-05 ,59.421694656
0.00010798 ,69.1072
0.00014614 ,93.52960000000002
0.00010347 ,66.2208
0.00014133 ,90.4512
0.00017118 ,109.5552
1.67547254e-05 ,10.723024256
0.00017354 ,111.0656
0.00014418 ,92.2752
5.36720877e-05 ,34.350136128
2.14103873e-06 ,1.3702647872
0.0001683 ,107.712
4.67419386e-05 ,29.914840704
0.00016676 ,106.72640000000001
3.20129261e-05 ,20.488272704000003
4.7416158e-05 ,30.346341119999998
2.31553014e-05 ,14.819392896
1.54844938e-05 ,9.910076032000001
2.30712588e-05 ,14.765605631999998
1.96231699e-05 ,12.558828735999999
0.00011652 ,74.5728
2.94247288e-05 ,18.831826432
1.85129965e-05 ,11.84831776
0.00018056 ,115.5584
1.90881256e-05 ,12.216400384
7.99500191e-05 ,51.168012224
9.77442956e-05 ,62.55634918399999
8.60129772e-05 ,55.048305408
3.66394037e-05 ,23.449218368000004
0.00018426 ,117.9264
8.06911461e-05 ,51.642333504
3.60863541e-05 ,23.095266624
6.09162436e-05 ,38.986395904
0.00010567 ,67.6288
5.86224587e-05 ,37.518373568
0.00015888 ,101.6832
0.00016076 ,102.8864
5.60615531e-05 ,35.879393984000004
3.39284532e-05 ,21.714210047999998
0.00012265 ,78.496
7.1028369e-05 ,45.45815616
2.64791478e-05 ,16.946654592
2.05491157e-05 ,13.151434047999999
1.35232463e-05 ,8.654877632
0.00015137 ,96.8768
0.00017757 ,113.6448
0.00013138 ,84.0832
3.81133264e-07 ,0.24392528896
0.00010828 ,69.2992
7.35415501e-05 ,47.06659206399999
6.96115302e-05 ,44.551379328
0.0001687 ,107.96800000000002
5.38347806e-07 ,0.34454259584
0.00015455 ,98.91199999999999
2.1144635e-05 ,13.532566399999999
5.50350175e-05 ,35.2224112
9.4930852e-06 ,6.075574528
1.84331144e-05 ,11.797193216
4.88913287e-05 ,31.290450368000002
5.6463111e-06 ,3.6136391039999998
7.8271524e-05 ,50.09377536000001
1.53099216e-05 ,9.798349824
0.00011259 ,72.05760000000001
1.84310979e-05 ,11.795902655999999
0.00015507 ,99.2448
3.92087447e-05 ,25.093596608
9.0481759e-06 ,5.790832576
3.50433906e-05 ,22.427769984
0.00010698 ,68.46719999999999
1.83245031e-05 ,11.727681984
9.80660021e-05 ,62.762241344
5.18165294e-05 ,33.162578816
0.0001346 ,86.144
9.3463311e-05 ,59.816519039999996
0.00014447 ,92.4608
0.00013508 ,86.45119999999999
6.22730708e-05 ,39.854765312
6.58977002e-05 ,42.174528128000006
5.75924484e-05 ,36.859166976
0.00014645 ,93.728
7.17665136e-05 ,45.930568703999995
4.23785439e-05 ,27.122268096000003
0.0001374 ,87.93599999999999
1.05552945e-05 ,6.75538848
0.00016422 ,105.1008
4.0471516e-05 ,25.901770239999998
6.68412034e-05 ,42.778370176
0.00015657 ,100.20479999999999
7.85463046e-05 ,50.269634943999996
0.00017305 ,110.75200000000001
0.00015198 ,97.2672
0.00014602 ,93.4528
1.91303014e-05 ,12.243392896
8.69285016e-05 ,55.634241024
0.00015883 ,101.6512
3.76500339e-05 ,24.096021696
2.19375751e-05 ,14.040048064
7.62139978e-05 ,48.776958592
0.00012274 ,78.5536
7.73556331e-05 ,49.507605184
7.97818875e-05 ,51.06040800000001
0.00015152 ,96.9728
0.00012426 ,79.52640000000001
0.0001364 ,87.29600000000002
0.00016593 ,106.1952
2.71292238e-07 ,0.17362703231999999
0.0001498 ,95.87200000000001
8.75958475e-05 ,56.0613424
0.00011661 ,74.6304
0.00018613 ,119.12320000000001
9.24279818e-05 ,59.153908352
4.08800981e-05 ,26.163262783999997
7.01499386e-05 ,44.895960704000004
6.34940994e-05 ,40.636223616
0.00013936 ,89.19039999999998
7.82072331e-05 ,50.052629184
3.49925955e-05 ,22.39526112
0.00012871 ,82.37440000000001
5.99233779e-05 ,38.350961856
0.00018032 ,115.40480000000001
2.82804226e-07 ,0.18099470464
0.00017701 ,113.2864
1.93805743e-05 ,12.403567551999998
6.09810074e-05 ,39.027844736
0.00014199 ,90.87359999999998
7.89331025e-05 ,50.51718559999999
0.00017785 ,113.82400000000001
0.00014151 ,90.5664
4.47126512e-05 ,28.616096768000002
0.00013908 ,89.0112
0.00010709 ,68.5376
6.70865e-05 ,42.935359999999996
8.303778e-05 ,53.144179199999996
6.90377897e-05 ,44.18418540799999
5.170323e-05 ,33.0900672
3.11703262e-05 ,19.949008768000002
8.949835e-05 ,57.278944
9.80146902e-06 ,6.2729401728
2.58380175e-05 ,16.5363312
0.00013922 ,89.1008
0.00011851 ,75.8464
1.87623702e-05 ,12.007916928
0.0001004 ,64.256
4.76842136e-05 ,30.517896703999998
0.00013363 ,85.5232
7.67434056e-05 ,49.11577958400001
8.47285413e-05 ,54.226266432
3.98421206e-05 ,25.498957184
8.69012611e-05 ,55.616807104
0.00013748 ,87.9872
0.00017673 ,113.1072
0.00010655 ,68.19200000000001
1.03887797e-05 ,6.648819008
0.00012847 ,82.2208
0.00014675 ,93.91999999999999
2.98200877e-05 ,19.084856128
0.00014811 ,94.79039999999999
5.86291712e-05 ,37.522669568000005
0.00012871 ,82.37440000000001
0.00011965 ,76.576
3.54017148e-05 ,22.657097472000004
0.00012937 ,82.79679999999999
0.00017563 ,112.4032
2.27043538e-05 ,14.530786432
4.01337218e-05 ,25.685581952
0.0001322 ,84.60799999999999
0.00013561 ,86.7904
5.00003804e-05 ,32.000243456
0.00016049 ,102.7136
0.00017356 ,111.07840000000002
1.46806898e-05 ,9.395641472
0.00015153 ,96.97919999999999
9.95446548e-05 ,63.70857907199999
0.00017261 ,110.47039999999998
0.00015235 ,97.50399999999999
6.73389738e-05 ,43.096943231999994
0.00010236 ,65.5104
0.00013042 ,83.46879999999999
0.00011453 ,73.2992
6.24630103e-05 ,39.976326592
0.00012437 ,79.5968
5.05164265e-05 ,32.33051296
7.81159725e-05 ,49.9942224
4.64306071e-05 ,29.715588544
9.21787515e-05 ,58.99440096
6.32672226e-05 ,40.491022464000004
0.00010949 ,70.0736
0.00012837 ,82.15679999999999
7.25576586e-05 ,46.436901504000005
0.00016429 ,105.1456
2.5130061e-05 ,16.08323904
3.99059592e-05 ,25.539813888
0.00010669 ,68.2816
1.53234171e-05 ,9.806986944000002
1.50213959e-06 ,0.9613693376
0.0001238 ,79.232
0.00010139 ,64.8896
0.00017774 ,113.75359999999999
0.0001016 ,65.024
0.00017992 ,115.1488
0.00017298 ,110.7072
6.20315642e-05 ,39.70020108799999
0.0001224 ,78.336
0.00012532 ,80.20479999999999
0.00018288 ,117.04320000000001
1.91268985e-05 ,12.24121504
0.00013321 ,85.2544
8.71424476e-05 ,55.771166464000004
9.16348885e-05 ,58.64632864
0.00015415 ,98.656
2.63031382e-05 ,16.834008448
1.96557938e-05 ,12.579708032
0.00014633 ,93.65119999999999
2.63772417e-05 ,16.881434688
0.00014511 ,92.87039999999999
0.00014225 ,91.03999999999999
1.18979359e-07 ,0.07614678976
0.00010185 ,65.184
2.45211013e-05 ,15.693504832
1.98090269e-05 ,12.677777215999999
5.53657758e-05 ,35.434096512
0.00014239 ,91.1296
5.67303054e-06 ,3.6307395456
7.8058672e-05 ,49.95755008
0.00016281 ,104.19839999999999
5.09076232e-05 ,32.580878848
6.82637497e-05 ,43.688799808
0.00013501 ,86.40639999999999
0.00015902 ,101.77279999999999
0.00012005 ,76.83200000000001
1.47590449e-06 ,0.9445788735999999
8.6072852e-05 ,55.08662527999999
0.00015191 ,97.2224
6.55105034e-06 ,4.1926722176
0.00017317 ,110.8288
5.67234965e-05 ,36.303037759999995
0.00014831 ,94.91839999999999
0.00013826 ,88.4864
0.00012529 ,80.1856
0.00014036 ,89.8304
0.0001569 ,100.416
0.00018329 ,117.30559999999998
0.00011017 ,70.50880000000001
5.36358774e-06 ,3.4326961536000002
9.57322765e-05 ,61.26865696
3.45664387e-05 ,22.122520768
6.57602216e-05 ,42.086541823999994
0.00010889 ,69.6896
2.08518565e-05 ,13.345188160000001
2.10884727e-05 ,13.496622528
3.79918073e-05 ,24.314756672
4.02812328e-05 ,25.779988992
7.28873969e-05 ,46.647934016
0.00018411 ,117.8304
5.18514223e-05 ,33.184910271999996
0.00012786 ,81.8304
0.00017276 ,110.5664
4.80977169e-05 ,30.782538816
0.00016159 ,103.41760000000001
0.00010437 ,66.7968
0.00015104 ,96.66559999999998
7.50816612e-05 ,48.05226316800001
0.00016754 ,107.22560000000001
0.00017181 ,109.9584
0.00016276 ,104.1664
9.06544594e-05 ,58.018854016000006
0.00014414 ,92.24960000000002
5.35813407e-05 ,34.292058048
0.0001341 ,85.824
0.00013823 ,88.46720000000002
1.68417421e-05 ,10.778714944
0.00014042 ,89.8688
8.83292793e-05 ,56.530738752
0.00011681 ,74.7584
2.55942599e-05 ,16.380326336
0.00013208 ,84.5312
6.22875227e-05 ,39.864014528000006
8.77927154e-05 ,56.187337856
0.00014363 ,91.92320000000001
2.53596405e-05 ,16.23016992
0.00014026 ,89.7664
0.00016398 ,104.94720000000001
9.54566807e-05 ,61.092275648000005
4.92847188e-05 ,31.542220032000003
0.0001271 ,81.344
0.00010632 ,68.0448
1.19876781e-06 ,0.7672113984
0.00018198 ,116.46719999999999
0.00013989 ,89.52959999999999
3.24708182e-06 ,2.0781323648
5.57805791e-05 ,35.699570623999996
2.0514763e-05 ,13.129448320000002
0.00012329 ,78.90559999999999
2.83585761e-05 ,18.149488704
0.00013728 ,87.85919999999999
0.00012637 ,80.8768
1.73273293e-05 ,11.089490752
0.00016167 ,103.46879999999999
4.72340293e-05 ,30.229778752
0.00016225 ,103.83999999999999
7.92812203e-05 ,50.73998099200001
5.13490136e-05 ,32.863368704
9.65516965e-05 ,61.793085760000004
0.00010359 ,66.2976
8.41086609e-05 ,53.829542976
0.00016442 ,105.2288
0.00013989 ,89.52959999999999
1.55082787e-05 ,9.925298368
0.00011994 ,76.76159999999999
3.43216599e-05 ,21.965862336
0.00014039 ,89.84960000000001
6.67178185e-05 ,42.69940384
8.5881153e-05 ,54.96393792
5.46935578e-05 ,35.003876992
4.9524756e-05 ,31.69584384
0.00016181 ,103.5584
0.00018451 ,118.0864
5.69483762e-05 ,36.446960768000004
0.00010293 ,65.8752
2.53649737e-05 ,16.233583168
0.00012018 ,76.9152
0.00017553 ,112.33919999999999
8.80121582e-05 ,56.327781247999994
0.00015597 ,99.82080000000002
5.70463352e-05 ,36.509654528
0.00011872 ,75.9808
4.99577593e-05 ,31.972965952000003
0.00016541 ,105.86240000000001
2.46865346e-05 ,15.799382144
9.5949009e-05 ,61.407365760000005
0.00014048 ,89.90720000000002
7.09159082e-07 ,0.45386181248
5.25457256e-05 ,33.629264383999995
4.3463289e-05 ,27.816504959999996
0.00017135 ,109.664
7.56625422e-05 ,48.424027007999996
8.65071802e-05 ,55.36459532800001
0.00011316 ,72.4224
6.8570015e-05 ,43.8848096
0.00013611 ,87.1104
2.34134085e-06 ,1.498458144
9.08544533e-05 ,58.146850111999996
7.12739898e-05 ,45.615353471999995
0.0001393 ,89.152
0.00016036 ,102.63040000000001
6.43757915e-05 ,41.20050656
0.00015365 ,98.33599999999998
7.85278861e-05 ,50.257847104
0.00017091 ,109.3824
3.84257811e-05 ,24.592499904
1.60770153e-05 ,10.289289792
0.00013865 ,88.73599999999999
6.12952562e-05 ,39.228963968
0.00011362 ,72.7168
0.0001542 ,98.688
0.00016497 ,105.58079999999998
0.00010376 ,66.40639999999999
7.29855096e-05 ,46.710726144
1.93793831e-05 ,12.402805184000002
9.7890739e-05 ,62.65007296
0.00012731 ,81.47840000000001
0.00010011 ,64.0704
0.00012792 ,81.86880000000001
2.32457784e-05 ,14.877298176
0.00011785 ,75.424
9.85555775e-05 ,63.0755696
5.36186435e-05 ,34.31593184
0.00013832 ,88.5248
0.00016358 ,104.69120000000001
4.81363467e-05 ,30.807261888
6.91037937e-05 ,44.226427967999996
0.00015901 ,101.7664
0.00011997 ,76.7808
5.13676591e-05 ,32.875301824
4.55151127e-05 ,29.129672128
0.00012479 ,79.8656
0.00016894 ,108.12159999999999
8.8018427e-05 ,56.33179328
8.42955713e-06 ,5.3949165632
0.00012598 ,80.6272
0.00014976 ,95.8464
0.00017234 ,110.29759999999999
7.25430258e-05 ,46.427536511999996
2.54862055e-05 ,16.31117152
0.00015388 ,98.48320000000001
0.00018402 ,117.77279999999999
2.78669075e-05 ,17.8348208
1.30366277e-05 ,8.343441728
7.81254855e-05 ,50.000310719999995
0.00017119 ,109.56159999999998
0.0001121 ,71.744
0.00012643 ,80.9152
0.00017833 ,114.1312
0.00010751 ,68.80640000000001
0.00013054 ,83.54560000000001
0.00015454 ,98.90559999999999
8.97807185e-05 ,57.45965984
6.67476639e-05 ,42.718504896
3.78444373e-05 ,24.220439872000004
0.00015533 ,99.4112
0.00013798 ,88.3072
2.2088773e-05 ,14.13681472
7.31772035e-05 ,46.83341024
9.8483921e-05 ,63.029709440000005
0.00010458 ,66.9312
0.00018748 ,119.98719999999999
7.44760857e-05 ,47.664694847999996
5.06682004e-05 ,32.427648256
0.0001597 ,102.208
5.69683806e-05 ,36.459763584
0.00012456 ,79.71839999999999
0.00018468 ,118.1952
8.08912731e-05 ,51.770414783999996
0.00010074 ,64.4736
5.09565822e-05 ,32.612212608
7.0594766e-06 ,4.518065024
9.65569126e-05 ,61.796424064
5.07604446e-05 ,32.486684544
7.76306374e-06 ,4.9683607936
6.81187246e-05 ,43.595983744
0.00011058 ,70.7712
0.000159 ,101.76
4.21406548e-05 ,26.970019072000003
0.00011184 ,71.57759999999999
1.68852146e-05 ,10.806537344
1.38091609e-05 ,8.837862976
8.64479759e-05 ,55.326704576
7.28925233e-05 ,46.65121491200001
0.00011814 ,75.6096
7.09050546e-05 ,45.379234944000004
8.08481606e-05 ,51.742822784
1.42920352e-05 ,9.146902528
0.00015166 ,97.0624
3.44215638e-05 ,22.029800832
0.00017306 ,110.7584
4.31460168e-05 ,27.613450752
9.13034339e-06 ,5.8434197696000005
0.00016822 ,107.66080000000001
9.27151351e-05 ,59.337686464
0.000162 ,103.68
2.07073146e-05 ,13.252681343999999
3.03285184e-05 ,19.410251776
2.03274479e-06 ,1.3009566656000002
3.03605236e-05 ,19.430735104
7.07762812e-05 ,45.296819968
6.98165844e-05 ,44.682614016
0.00015456 ,98.9184
5.36754207e-05 ,34.352269248
2.26190046e-05 ,14.476162943999999
0.00011802 ,75.5328
9.32646299e-05 ,59.689363136000004
2.74118654e-05 ,17.543593856
0.00013972 ,89.42080000000001
0.00013099 ,83.83359999999999
6.91471453e-05 ,44.254172992
0.0001014 ,64.896
0.00013135 ,84.064
1.00807118e-05 ,6.451655552
3.65073354e-05 ,23.364694656
0.00015886 ,101.6704
0.00016305 ,104.352
7.57349769e-05 ,48.470385216
0.00014905 ,95.392
0.0001574 ,100.736
7.51587591e-05 ,48.101605824
0.00012723 ,81.4272
0.00014929 ,95.54560000000001
3.74428143e-05 ,23.963401152000003
1.98997208e-05 ,12.735821311999999
0.00018467 ,118.1888
7.97698553e-05 ,51.052707392
4.4524729e-05 ,28.495826559999998
5.78609614e-06 ,3.7031015296000005
5.26611567e-05 ,33.703140288
0.00018193 ,116.43519999999998
7.31284036e-05 ,46.802178304
3.98657975e-05 ,25.514110399999996
0.00016636 ,106.47040000000001
0.00010239 ,65.5296
7.29969877e-06 ,4.6718072128
4.86210642e-05 ,31.117481088
0.00012038 ,77.0432
8.34957117e-05 ,53.437255488000005
0.00017148 ,109.74719999999999
0.00013724 ,87.8336
0.00014871 ,95.1744
4.13237689e-05 ,26.447212096
0.00012525 ,80.16
5.66213968e-06 ,3.6237693952
1.32829983e-06 ,0.8501118912000001
1.17484942e-06 ,0.7519036288000001
7.50183135e-05 ,48.01172064
0.00011193 ,71.6352
2.16570874e-05 ,13.860535936
2.87110053e-05 ,18.375043392
5.05837785e-05 ,32.37361824
3.27832119e-05 ,20.981255616000002
0.00012281 ,78.5984
4.19546294e-05 ,26.850962816
2.92366756e-05 ,18.711472383999997
2.15158645e-05 ,13.770153280000002
2.28921007e-05 ,14.650944447999999
7.50980733e-05 ,48.062766912
0.00018733 ,119.89120000000001
3.2106425e-05 ,20.548112
7.11541524e-05 ,45.538657536
4.38557846e-05 ,28.067702144000002
5.54899805e-05 ,35.51358752
2.88160186e-06 ,1.8442251904
5.59053922e-05 ,35.779451008
4.74110356e-05 ,30.343062784000004
0.0001833 ,117.31200000000001
0.00012703 ,81.2992
0.00011441 ,73.2224
0.00014716 ,94.18239999999999
7.51143302e-05 ,48.07317132800001
4.7562301e-05 ,30.43987264
4.92403346e-05 ,31.513814143999998
8.9243064e-05 ,57.115560959999996
0.00015232 ,97.4848
1.16622131e-05 ,7.463816384
2.70583926e-05 ,17.317371264
0.00016598 ,106.22720000000001
2.88030526e-05 ,18.433953664
2.40414483e-05 ,15.386526912
6.53050406e-05 ,41.795225984
1.58957566e-05 ,10.173284224000001
6.12292792e-05 ,39.186738688
0.00012216 ,78.1824
0.00016519 ,105.7216
4.22141967e-05 ,27.017085887999997
0.00012622 ,80.7808
5.38808478e-05 ,34.483742592
6.01415851e-05 ,38.490614464
0.00010759 ,68.8576
5.49483847e-05 ,35.166966208
1.22840401e-05 ,7.861785664000001
8.35730638e-05 ,53.486760832
6.9874139e-05 ,44.71944896
3.54151574e-05 ,22.665700736
0.00011495 ,73.568
6.80968638e-05 ,43.581992832000005
0.00015681 ,100.3584
0.00010132 ,64.84479999999999
0.00014446 ,92.4544
0.00013723 ,87.8272
5.74088325e-05 ,36.7416528
0.00017955 ,114.91199999999999
0.00013986 ,89.5104
0.00012146 ,77.73440000000001
0.00014327 ,91.6928
1.4885706e-05 ,9.52685184
4.84823485e-05 ,31.028703039999996
1.59795403e-05 ,10.226905792
1.44823658e-05 ,9.268714112
7.27174708e-05 ,46.539181312
2.52818302e-05 ,16.180371328
5.4259621e-05 ,34.72615744
0.00017384 ,111.2576
0.0001267 ,81.088
0.00014558 ,93.1712
8.63423532e-05 ,55.259106048
1.55269661e-05 ,9.937258304
7.98732363e-06 ,5.1118871232
0.00014223 ,91.0272
9.83874279e-05 ,62.967953855999994
9.9691511e-05 ,63.80256704
4.92516182e-05 ,31.521035648
7.12537583e-05 ,45.602405312
9.09988613e-05 ,58.239271232
5.58085386e-05 ,35.717464704
0.00017724 ,113.43360000000001
6.16502717e-05 ,39.456173888
0.0001809 ,115.77600000000001
6.6033764e-05 ,42.261608960000004
0.00016571 ,106.05440000000002
1.63118977e-05 ,10.439614527999998
0.00015498 ,99.1872
7.92412942e-05 ,50.71442828799999
0.00017931 ,114.7584
0.00013244 ,84.7616
0.00014706 ,94.1184
0.0001362 ,87.168
5.21813325e-05 ,33.3960528
0.00011828 ,75.69919999999999
5.53393286e-05 ,35.417170304
0.00015005 ,96.032
6.98074566e-05 ,44.676772224
2.93412942e-05 ,18.778428288
5.34577316e-05 ,34.212948224
0.00014836 ,94.9504
9.80101852e-05 ,62.72651852799999
9.45327364e-05 ,60.500951296
0.00017695 ,113.24799999999999
8.76974031e-06 ,5.612633798400001
3.38825462e-05 ,21.684829568
0.00016128 ,103.2192
5.35138325e-05 ,34.2488528
9.27264886e-05 ,59.344952704
4.39036417e-05 ,28.098330687999997
7.8360194e-05 ,50.150524159999996
0.0001112 ,71.168
0.00010609 ,67.8976
1.33089715e-05 ,8.51774176
7.84249801e-05 ,50.191987264
5.28214741e-05 ,33.805743424
0.00010972 ,70.2208
6.63912004e-05 ,42.490368256000004
4.14325264e-05 ,26.516816895999998
7.90814301e-05 ,50.612115264
3.58793998e-05 ,22.962815871999997
0.00010448 ,66.8672
0.00010635 ,68.064
2.48928419e-06 ,1.5931418816
0.00016082 ,102.92479999999999
6.23179587e-05 ,39.883493568
8.04166263e-05 ,51.466640832
0.0001572 ,100.608
3.10071894e-06 ,1.9844601216
0.0001119 ,71.616
0.00014074 ,90.0736
1.38350203e-05 ,8.854412992
9.82507683e-05 ,62.880491712
0.00017253 ,110.41920000000002
4.19633748e-05 ,26.856559872000002
0.00012385 ,79.264
6.64709185e-05 ,42.54138783999999
0.00016449 ,105.2736
0.00015068 ,96.43519999999998
8.3791777e-05 ,53.62673728
0.00010804 ,69.1456
1.60753659e-05 ,10.288234176
2.42703216e-05 ,15.533005824000002
0.00016127 ,103.2128
0.00017151 ,109.7664
0.00010557 ,67.56479999999999
0.00014928 ,95.5392
0.00016765 ,107.29600000000002
5.15987804e-05 ,33.023219456
6.21008468e-06 ,3.9744541952
6.04992545e-05 ,38.71952288
0.00015217 ,97.3888
0.00011111 ,71.1104
0.00013615 ,87.136
0.00011318 ,72.43520000000001
9.60831522e-05 ,61.49321740799999
5.58101649e-05 ,35.718505536
7.01706615e-05 ,44.90922336
7.79496733e-05 ,49.88779091200001
9.80517067e-05 ,62.753092288000005
4.61839823e-05 ,29.557748672000002
1.42487446e-05 ,9.119196544
8.7367813e-05 ,55.91540032
0.0001153 ,73.792
1.82369333e-05 ,11.671637312000001
4.50901809e-05 ,28.857715776
0.00013604 ,87.06559999999999
0.00012345 ,79.008
0.00014092 ,90.18879999999999
9.91536796e-05 ,63.458354944
0.0001637 ,104.76799999999999
0.00014691 ,94.02239999999999
8.87859745e-05 ,56.82302367999999
0.00018524 ,118.55360000000002
1.73080302e-06 ,1.1077139327999999
0.0001051 ,67.264
0.00017789 ,113.8496
4.16692491e-05 ,26.668319424
0.00012669 ,81.0816
4.39603886e-05 ,28.134648704
0.0001779 ,113.85599999999998
0.00011624 ,74.39359999999999
2.92535325e-05 ,18.7222608
3.98428229e-05 ,25.499406656000005
0.00014042 ,89.8688
4.34879849e-05 ,27.832310336
0.00010286 ,65.8304
0.00018372 ,117.58080000000001
0.00011805 ,75.552
0.00018402 ,117.77279999999999
5.77936391e-05 ,36.987929024
0.00017904 ,114.5856
7.01274694e-05 ,44.881580416000006
0.00018619 ,119.16159999999999
0.00010277 ,65.7728
0.00013247 ,84.7808
3.96014989e-05 ,25.344959296000003
0.00011369 ,72.7616
0.00013736 ,87.91040000000001
6.44411066e-05 ,41.242308224000006
7.99323341e-05 ,51.156693824
0.00014307 ,91.5648
0.00017829 ,114.10560000000001
1.87653153e-05 ,12.009801792000001
1.95936483e-05 ,12.539934912000001
0.00010428 ,66.7392
0.00016385 ,104.864
8.5131391e-05 ,54.48409024
2.94471794e-05 ,18.846194816
0.00018309 ,117.1776
2.69375263e-05 ,17.240016832000002
3.35355216e-05 ,21.462733824
0.00011474 ,73.43360000000001
4.73232473e-06 ,3.0286878272
8.07578634e-05 ,51.685032576000005
0.0001158 ,74.112
6.81055898e-05 ,43.58757747200001
4.10131234e-06 ,2.6248398976000002
3.86375299e-05 ,24.728019136
0.00013266 ,84.9024
0.00012861 ,82.3104
0.00011385 ,72.864
1.62969672e-05 ,10.430059007999999
1.99769708e-05 ,12.785261312
2.78779379e-05 ,17.841880256
2.01850577e-05 ,12.918436928000002
0.00012677 ,81.1328
1.75742858e-05 ,11.247542912000002
6.96027234e-05 ,44.54574297600001
6.75720714e-06 ,4.3246125696
0.00014306 ,91.55839999999999
7.11592998e-05 ,45.541951872
0.00015319 ,98.04159999999999
0.00015105 ,96.67200000000001
2.35352389e-05 ,15.062552896
8.98821706e-05 ,57.52458918400001
7.29370464e-05 ,46.679709695999996
7.98150754e-05 ,51.081648256
8.68761235e-05 ,55.60071904
9.38644116e-05 ,60.07322342399999
0.00014392 ,92.1088
9.49595816e-05 ,60.774132224
0.00010839 ,69.3696
0.00010022 ,64.1408
0.00016402 ,104.9728
7.86071805e-05 ,50.30859552
0.00018382 ,117.6448
0.00010215 ,65.376
7.61072222e-05 ,48.708622208
6.2074798e-06 ,3.9727870719999996
4.28681943e-06 ,2.7435644351999997
2.8286044e-06 ,1.8103068160000002
0.00018434 ,117.97759999999998
8.54802325e-05 ,54.70734879999999
7.7979489e-05 ,49.90687296
2.05576672e-05 ,13.156907008000001
7.37337939e-05 ,47.189628096
3.07756008e-05 ,19.696384511999998
0.00015185 ,97.18400000000001
0.00011794 ,75.4816
0.00016993 ,108.7552
4.74672432e-05 ,30.379035648000002
0.0001528 ,97.792
3.49147613e-05 ,22.345447231999998
0.0001845 ,118.08000000000001
0.00011022 ,70.5408
0.0001089 ,69.69600000000001
6.68487522e-05 ,42.783201408
0.00013399 ,85.7536
6.67514639e-05 ,42.720936896
0.00012943 ,82.83520000000001
3.04357423e-05 ,19.478875072
7.38022629e-05 ,47.233448256
0.00015325 ,98.08000000000001
0.00017797 ,113.9008
8.73148231e-05 ,55.881486783999996
0.0001857 ,118.84799999999998
0.00018617 ,119.14879999999998
0.00015701 ,100.48639999999999
5.05570296e-05 ,32.356498943999995
0.00010947 ,70.0608
0.00016306 ,104.3584
5.12644528e-05 ,32.809249792
0.00011989 ,76.7296
0.00014643 ,93.71520000000001
0.00011689 ,74.80959999999999
1.33042621e-05 ,8.514727744
4.99632469e-05 ,31.976478016
8.88005816e-05 ,56.832372224
7.26889649e-05 ,46.520937536
0.00014887 ,95.27680000000001
8.98351697e-05 ,57.494508608000004
6.97981364e-06 ,4.4670807296
0.00017776 ,113.7664
6.23155813e-05 ,39.881972032
2.19842987e-05 ,14.069951168000001
7.75226538e-05 ,49.614498432
0.00013052 ,83.5328
0.00018506 ,118.4384
0.000161 ,103.04
5.2142364e-05 ,33.37111296
9.93682583e-05 ,63.595685312
0.00014073 ,90.0672
5.01203444e-05 ,32.077020416
0.00010309 ,65.9776
5.62998859e-05 ,36.031926976
0.0001116 ,71.424
7.93635828e-05 ,50.792692992
0.00017496 ,111.9744
6.28078405e-05 ,40.19701792
4.10958204e-05 ,26.301325056000003
5.38454643e-05 ,34.461097152
5.56968326e-05 ,35.645972864
3.65171157e-05 ,23.370954047999998
6.09534139e-05 ,39.010184896
0.00010037 ,64.2368
0.000144 ,92.16000000000001
0.00016386 ,104.8704
0.00011244 ,71.9616
0.00015205 ,97.31200000000001
7.49077824e-05 ,47.94098073600001
3.07565207e-05 ,19.684173248
6.02471107e-05 ,38.558150848000004
7.62798955e-05 ,48.819133120000004
3.23658467e-05 ,20.714141888
0.00013605 ,87.072
0.00015614 ,99.9296
0.00015425 ,98.72
7.59940055e-05 ,48.63616352
5.18935087e-05 ,33.211845567999994
0.00018736 ,119.9104
6.8642937e-05 ,43.931479679999995
7.6610938e-05 ,49.031000320000004
8.05943962e-05 ,51.58041356799999
0.00012844 ,82.2016
6.36883566e-05 ,40.760548224
4.3609785e-06 ,2.79102624
9.96162364e-05 ,63.754391296
0.00011963 ,76.5632
8.91639081e-05 ,57.06490118399999
4.08884727e-05 ,26.168622528
0.00018259 ,116.8576
6.94824594e-05 ,44.468774016
0.00010854 ,69.4656
4.40502886e-05 ,28.192184703999995
6.32839021e-05 ,40.501697344
9.34783247e-05 ,59.826127808
2.92051038e-05 ,18.691266432
5.34846446e-05 ,34.230172544000006
4.26494471e-06 ,2.7295646144
0.0001456 ,93.18399999999998
7.19580638e-05 ,46.053160832
5.414003e-05 ,34.6496192
0.00010827 ,69.2928
8.27162125e-05 ,52.938376
0.00011666 ,74.6624
9.38740195e-05 ,60.07937248
0.00010098 ,64.6272
0.00018237 ,116.7168
2.43026417e-05 ,15.553690688
0.00017575 ,112.47999999999999
1.74673666e-05 ,11.179114624000002
0.00016542 ,105.86880000000001
0.00012073 ,77.2672
0.00011078 ,70.89920000000001
0.00014229 ,91.0656
9.28027705e-05 ,59.39377311999999
0.00017885 ,114.464
0.00017905 ,114.59199999999998
5.30024526e-05 ,33.921569664
0.00012794 ,81.88159999999999
8.38869479e-05 ,53.687646656000005
4.95267662e-05 ,31.697130367999996
4.65585407e-05 ,29.797466048000004
0.00018494 ,118.3616
6.00143119e-05 ,38.409159616
5.29153191e-05 ,33.865804224
0.00010346 ,66.2144
0.00013495 ,86.36800000000001
4.39850145e-05 ,28.15040928
0.00016513 ,105.68320000000001
3.89735106e-05 ,24.943046783999996
5.76628914e-05 ,36.904250496
6.77547902e-05 ,43.363065727999995
0.00015485 ,99.10399999999998
6.58185627e-05 ,42.123880127999996
6.01925595e-05 ,38.523238080000006
6.75027263e-05 ,43.201744832
0.00010369 ,66.36160000000001
9.63707396e-05 ,61.677273344
0.00010655 ,68.19200000000001
8.84795941e-05 ,56.626940223999995
0.00010996 ,70.37440000000001
0.00017037 ,109.03680000000001
2.17840813e-05 ,13.941812032000001
0.00015525 ,99.36
7.05558912e-05 ,45.155770368
2.610466e-05 ,16.7069824
0.00011384 ,72.85759999999999
1.22939119e-05 ,7.868103616000001
9.34776613e-05 ,59.825703232
0.0001743 ,111.552
0.00010883 ,69.6512
9.59131412e-05 ,61.384410368000005
6.92312584e-06 ,4.430800537600001
5.07807324e-05 ,32.499668736000004
0.00017515 ,112.096
2.77159923e-05 ,17.738235072
4.13230532e-05 ,26.446754048000003
8.98298053e-06 ,5.749107539200001
0.0001548 ,99.072
5.2405041e-05 ,33.53922624
0.00015945 ,102.048
1.39130494e-05 ,8.904351616
7.65064083e-06 ,4.8964101312
0.00013885 ,88.86399999999998
0.00010064 ,64.4096
0.0001075 ,68.8
1.14885911e-05 ,7.3526983040000005
6.54484193e-05 ,41.886988351999996
2.95841769e-05 ,18.933873216
5.81068252e-05 ,37.188368128
2.20782354e-05 ,14.130070656000001
7.51449912e-05 ,48.09279436800001
0.00017608 ,112.69120000000001
9.03621351e-05 ,57.831766464
0.00010878 ,69.6192
5.47254529e-05 ,35.024289856
0.00018517 ,118.50880000000001
0.00014822 ,94.8608
4.17282438e-05 ,26.706076032000002
1.49148707e-05 ,9.545517248
8.27637587e-05 ,52.96880556799999
6.96147102e-05 ,44.553414528
8.41116362e-05 ,53.831447168
9.09963598e-05 ,58.237670271999995
0.00016683 ,106.77120000000001
8.74165679e-05 ,55.94660345599999
5.90053878e-05 ,37.763448192
2.33186784e-05 ,14.923954176
0.00017012 ,108.8768
5.82132501e-05 ,37.256480064
0.00013411 ,85.8304
8.83896765e-05 ,56.56939296
0.0001688 ,108.03200000000001
0.00015279 ,97.7856
2.82619352e-06 ,1.8087638527999998
0.00018675 ,119.52
0.00013684 ,87.57759999999999
0.00015554 ,99.5456
5.74438059e-05 ,36.764035776
0.00010919 ,69.8816
5.89642833e-05 ,37.737141312000006
6.05984234e-05 ,38.782990976
0.00015769 ,100.9216
6.0736641e-05 ,38.87145024
4.40168913e-06 ,2.8170810432
0.00011366 ,72.7424
0.00010582 ,67.7248
0.00010913 ,69.8432
0.00010117 ,64.7488
0.0001476 ,94.464
0.00016446 ,105.2544
1.40454383e-05 ,8.989080512
0.00011517 ,73.7088
8.15160387e-05 ,52.170264768
1.75650296e-05 ,11.241618944
0.00016606 ,106.27839999999999
5.09499654e-05 ,32.607977856000005
0.00014139 ,90.4896
0.00017089 ,109.3696
5.96163378e-05 ,38.154456192
8.96635193e-05 ,57.384652351999996
3.99225513e-05 ,25.550432832
0.00011536 ,73.8304
0.00016889 ,108.08959999999999
6.7055305e-05 ,42.9153952
3.03103992e-05 ,19.398655488
0.00011518 ,73.71520000000001
5.64239053e-05 ,36.111299392
0.00018694 ,119.6416
5.19027445e-05 ,33.21775648
8.41186895e-05 ,53.83596128000001
0.00014587 ,93.35679999999999
0.00012134 ,77.6576
0.00013395 ,85.72800000000001
0.00010639 ,68.0896
2.82423058e-06 ,1.8075075712
3.05002234e-05 ,19.520142976
0.00015685 ,100.38399999999999
4.46756965e-05 ,28.592445759999997
0.00010053 ,64.3392
0.00014343 ,91.7952
0.00012609 ,80.69760000000001
3.23215362e-05 ,20.685783168
6.79796616e-05 ,43.506983424000005
5.56933634e-05 ,35.643752576
8.70855646e-05 ,55.734761344
0.00013153 ,84.17920000000001
4.32908799e-05 ,27.706163136
8.17286385e-05 ,52.30632864
4.96043837e-05 ,31.746805568
0.00014881 ,95.2384
4.70463071e-05 ,30.109636544000004
0.00017251 ,110.40639999999999
1.21193371e-05 ,7.7563757440000005
0.00012394 ,79.3216
9.17086835e-05 ,58.69355744
7.66491299e-05 ,49.055443136
4.24977094e-06 ,2.7198534016000004
0.00010627 ,68.0128
9.20896255e-05 ,58.937360319999996
0.00011173 ,71.5072
0.00017116 ,109.5424
0.00015752 ,100.8128
2.10045695e-05 ,13.442924479999999
1.2281565e-05 ,7.860201600000001
5.29256656e-05 ,33.872425983999996
7.02326106e-06 ,4.4948870784
0.00017581 ,112.51840000000001
0.00016889 ,108.08959999999999
0.00011939 ,76.4096
0.00011053 ,70.7392
4.02871107e-05 ,25.783750847999997
0.00014506 ,92.8384
0.00014774 ,94.55359999999999
4.89096856e-05 ,31.302198783999998
2.17449178e-05 ,13.916747392
1.7241365e-05 ,11.034473600000002
5.22497173e-05 ,33.439819072
7.75091675e-05 ,49.605867200000006
2.3323106e-05 ,14.92678784
0.00018235 ,116.704
0.00012158 ,77.8112
7.17301286e-05 ,45.907282304
1.39316681e-05 ,8.916267584
6.32109848e-05 ,40.455030271999995
0.00010816 ,69.2224
8.68330585e-05 ,55.573157439999996
0.0001372 ,87.80799999999999
0.00016226 ,103.84640000000002
4.186133e-05 ,26.7912512
0.00018495 ,118.368
3.69316087e-05 ,23.636229568
8.01233354e-05 ,51.278934656
6.39543593e-06 ,4.0930789952
8.79622882e-05 ,56.29586444799999
0.000123 ,78.72000000000001
0.00010414 ,66.64959999999999
4.57641863e-05 ,29.289079232000002
0.00016579 ,106.1056
2.42662934e-05 ,15.530427776
9.76540827e-05 ,62.498612928
9.90032934e-05 ,63.362107776
0.00012609 ,80.69760000000001
0.00012035 ,77.024
4.11508777e-05 ,26.336561728
1.83093873e-05 ,11.718007872000001
9.01893346e-06 ,5.7721174144
4.55964317e-05 ,29.181716288
1.62426784e-05 ,10.395314176
5.45877791e-05 ,34.936178624
0.00012089 ,77.36959999999999
0.00013824 ,88.4736
1.70010813e-05 ,10.880692031999999
5.89918504e-06 ,3.7754784256000002
0.00014135 ,90.464
5.46444809e-05 ,34.972467776
9.49533563e-06 ,6.077014803200001
0.0001107 ,70.848
0.00012272 ,78.54079999999999
0.00010116 ,64.7424
5.78588524e-06 ,3.7029665536
2.70593191e-05 ,17.317964224
8.00771911e-05 ,51.249402304
5.99577045e-05 ,38.37293088
0.0001038 ,66.432
0.00012582 ,80.52480000000001
0.0001113 ,71.232
0.00012591 ,80.58239999999999
8.43785209e-05 ,54.002253376
4.69874243e-06 ,3.0071951552000002
4.55016522e-05 ,29.121057408
0.00017915 ,114.656
9.66413715e-05 ,61.850477760000004
0.00017969 ,115.00160000000001
4.75680528e-05 ,30.443553791999996
0.00014488 ,92.7232
8.03967999e-05 ,51.45395193600001
0.00018279 ,116.9856
2.62058274e-06 ,1.6771729536
1.20625477e-05 ,7.720030528000001
1.92498606e-06 ,1.2319910784
0.00017283 ,110.61120000000001
9.97567034e-06 ,6.3844290176000005
5.66066061e-05 ,36.228227904
4.77227157e-05 ,30.542538048
0.00015178 ,97.1392
8.89974608e-05 ,56.95837491200001
9.23977732e-05 ,59.134574848
7.32048072e-05 ,46.851076608
2.27455917e-05 ,14.557178688
5.15713892e-05 ,33.005689088
7.74014016e-05 ,49.536897024
3.62014783e-05 ,23.168946112
7.96233163e-05 ,50.95892243200001
0.00011572 ,74.0608
5.25253048e-06 ,3.3616195072
8.46137214e-05 ,54.152781696
7.22999454e-05 ,46.271965056000006
0.0001215 ,77.75999999999999
0.00012506 ,80.0384
2.30841438e-06 ,1.4773852031999999
6.35805679e-05 ,40.691563456
9.50360421e-05 ,60.823066944000004
8.82695925e-05 ,56.492539199999996
6.91783519e-05 ,44.274145216
0.00015891 ,101.7024
9.39814356e-05 ,60.148118784000005
4.31616021e-05 ,27.623425344
0.00015504 ,99.22560000000001
1.49560323e-05 ,9.571860672
0.00017076 ,109.2864
9.27612253e-05 ,59.367184191999996
3.47207644e-05 ,22.221289216
4.15819334e-05 ,26.612437376
8.61601208e-05 ,55.142477312
5.13968518e-05 ,32.893985152
6.07101115e-05 ,38.854471360000005
0.00013547 ,86.7008
1.41923546e-05 ,9.083106944
7.32002993e-05 ,46.848191552
3.3025065e-05 ,21.1360416
9.95144875e-05 ,63.689272
0.00013439 ,86.00959999999999
2.25835609e-05 ,14.453478976
0.00010443 ,66.8352
1.47713347e-05 ,9.453654208
2.53291329e-05 ,16.210645056
8.89012215e-05 ,56.89678176
0.00014381 ,92.0384
0.00012913 ,82.6432
1.34792073e-05 ,8.626692672
6.16766604e-06 ,3.9473062656
1.3050132e-05 ,8.352084479999998
0.00012742 ,81.5488
9.52571711e-05 ,60.964589503999996
2.63540914e-05 ,16.866618496
9.70905525e-07 ,0.621379536
7.2743348e-05 ,46.55574272
3.66058976e-06 ,2.3427774464
2.64274543e-05 ,16.913570752
4.24770431e-05 ,27.185307584
0.00013509 ,86.45760000000001
8.9824894e-05 ,57.48793216
1.84952616e-05 ,11.836967424000001
0.0001035 ,66.24
0.00017569 ,112.4416
7.63986783e-05 ,48.895154112
8.89547128e-05 ,56.931016192
2.47802396e-05 ,15.859353344
9.84997374e-06 ,6.303983193600001
0.00011973 ,76.62719999999999
4.0445455e-05 ,25.885091199999998
0.00017009 ,108.85759999999999
7.97391776e-05 ,51.033073664
0.00014332 ,91.7248
5.55119956e-06 ,3.5527677184
2.33100409e-05 ,14.918426175999999
0.00014852 ,95.05279999999999
0.00010479 ,67.0656
1.51863672e-05 ,9.719275008
3.32874539e-06 ,2.1303970496
0.00010625 ,68.0
1.71506138e-05 ,10.976392831999998
0.00018264 ,116.8896
0.00012583 ,80.5312
8.16982392e-05 ,52.28687308800001
4.55574707e-05 ,29.156781247999998
0.00010826 ,69.2864
1.48518818e-05 ,9.505204352
0.00011764 ,75.28960000000001
1.24496717e-05 ,7.967789888
0.00018556 ,118.7584
1.16727951e-05 ,7.470588864000001
5.77209678e-05 ,36.941419392
0.0001753 ,112.19200000000001
0.00010891 ,69.7024
0.00017597 ,112.6208
0.00011217 ,71.78880000000001
9.60796319e-05 ,61.490964416000004
6.75868689e-05 ,43.255596096
0.0001256 ,80.38399999999999
4.51759576e-05 ,28.912612864000003
0.0001255 ,80.32
0.00011484 ,73.4976
0.00014493 ,92.7552
9.23034079e-06 ,5.9074181056
0.00015752 ,100.8128
0.00016827 ,107.6928
0.00013586 ,86.95039999999999
2.13119444e-06 ,1.3639644416000003
6.16326604e-05 ,39.444902656
0.00011984 ,76.6976
8.43353926e-05 ,53.974651263999995
8.55641152e-05 ,54.761033728
3.40124299e-05 ,21.767955135999998
0.00017647 ,112.9408
0.00011941 ,76.4224
0.00018678 ,119.5392
1.86462253e-05 ,11.933584192
0.00017186 ,109.9904
7.08422892e-05 ,45.339065088000005
0.00010055 ,64.352
3.42509053e-05 ,21.920579392
3.53820591e-05 ,22.644517824
2.34339019e-05 ,14.997697215999999
0.00016413 ,105.0432
0.0001739 ,111.29599999999999
0.00012684 ,81.17760000000001
0.00016297 ,104.30080000000001
0.00012052 ,77.1328
6.3996e-05 ,40.95744
0.00010347 ,66.2208
3.821429e-05 ,24.457145599999997
7.16679511e-05 ,45.867488704
2.13400315e-05 ,13.657620159999999
0.00010506 ,67.2384
8.95072772e-05 ,57.284657408
0.00017315 ,110.816
2.08975285e-05 ,13.374418239999999
7.28193063e-05 ,46.604356032
0.00018478 ,118.25919999999999
0.00018652 ,119.3728
2.81490632e-05 ,18.015400448
8.29355983e-05 ,53.078782911999994
3.82228744e-05 ,24.462639615999997
0.00013223 ,84.62719999999999
0.0001457 ,93.24799999999999
0.00015834 ,101.33760000000001
5.1562129e-05 ,32.99976256
9.15598634e-05 ,58.598312576
0.00011098 ,71.0272
0.00015451 ,98.88640000000001
2.94021903e-05 ,18.817401792
0.00018612 ,119.11679999999998
5.01938584e-05 ,32.124069376
5.95650481e-05 ,38.121630784
5.26430722e-05 ,33.691566208
6.26908127e-06 ,4.0122120128
0.00014974 ,95.8336
5.20348376e-05 ,33.302296064000004
0.00017319 ,110.84159999999999
3.03800355e-05 ,19.44322272
0.00010842 ,69.38879999999999
0.00013142 ,84.1088
5.85554097e-05 ,37.475462207999996
0.00011365 ,72.736
4.76894692e-05 ,30.521260288
0.00012559 ,80.3776
0.00014003 ,89.61919999999999
1.94022076e-07 ,0.12417412863999999
0.00012063 ,77.2032
0.00016277 ,104.1728
0.00014567 ,93.22879999999999
0.00018212 ,116.55680000000001
0.00017337 ,110.9568
0.00018667 ,119.4688
2.65318827e-05 ,16.980404928000002
0.00015798 ,101.1072
0.00011734 ,75.0976
0.00016558 ,105.97120000000001
5.41427305e-06 ,3.4651347520000004
6.26380426e-05 ,40.088347264
6.9023898e-05 ,44.17529472
0.000111 ,71.04
0.00011927 ,76.3328
3.15098206e-05 ,20.166285184000003
9.30043565e-05 ,59.522788160000005
0.00015646 ,100.13440000000001
0.00011149 ,71.3536
0.00014395 ,92.128
2.29130355e-05 ,14.664342719999999
0.00016213 ,103.7632
0.00018709 ,119.7376
2.81533912e-05 ,18.018170368
0.00017733 ,113.4912
0.00015843 ,101.39520000000002
3.78151244e-05 ,24.201679616000003
1.84453498e-05 ,11.805023872
0.00014853 ,95.0592
0.00012875 ,82.4
0.00015831 ,101.3184
0.00018726 ,119.84639999999999
5.31554211e-05 ,34.019469504
0.00015434 ,98.77759999999998
0.00017615 ,112.736
1.67070099e-05 ,10.692486336
0.0001085 ,69.44
7.07271035e-05 ,45.26534624
0.00014266 ,91.30239999999999
4.64474196e-05 ,29.726348543999997
8.87137401e-05 ,56.776793664
0.00016333 ,104.5312
0.0001012 ,64.768
0.00014848 ,95.0272
0.00016118 ,103.1552
8.34244793e-05 ,53.391666752000006
9.62739783e-05 ,61.615346112000005
9.51312138e-05 ,60.883976832
0.00010667 ,68.2688
2.2049221e-05 ,14.111501440000001
0.00011101 ,71.0464
6.50252975e-05 ,41.616190399999994
0.00017794 ,113.88159999999999
5.69584734e-05 ,36.453422976
5.64282384e-05 ,36.114072576
0.00013608 ,87.0912
0.00015638 ,100.08319999999999
4.75821487e-05 ,30.452575168
0.00017145 ,109.728
0.00017111 ,109.5104
9.83146366e-05 ,62.921367424
8.726419e-06 ,5.58490816
4.40485422e-06 ,2.8191067008000004
1.37729845e-05 ,8.81471008
0.00016634 ,106.45760000000001
3.78990968e-05 ,24.255421952
9.15777588e-05 ,58.609765632000006
9.07062255e-05 ,58.05198432
3.47533038e-05 ,22.242114431999997
9.63094167e-05 ,61.638026688
2.83394256e-05 ,18.137232384
0.00015193 ,97.23519999999999
1.39984145e-05 ,8.958985279999998
7.19860699e-05 ,46.071084736
6.98023361e-05 ,44.673495104
0.00012991 ,83.1424
1.25568416e-05 ,8.036378624000001
0.00014155 ,90.59200000000001
0.00010558 ,67.5712
8.69746644e-05 ,55.663785216
0.00010288 ,65.8432
0.00013571 ,86.8544
2.76663957e-05 ,17.706493248
2.99573329e-05 ,19.172693056
0.00011132 ,71.2448
0.00014594 ,93.4016
0.0001492 ,95.488
