SubstitutionRate,Theta
7.65384797e-06 ,4.8984627008
0.00055663 ,356.24320000000006
0.0007459 ,477.376
0.0007517 ,481.088
3.74271749e-05 ,23.953391936
4.29021602e-05 ,27.457382527999997
0.00021942 ,140.4288
0.00074397 ,476.1408
0.0005173 ,331.07200000000006
0.00040277 ,257.7728
7.28754067e-05 ,46.64026028799999
0.00036478 ,233.4592
0.0004182 ,267.64799999999997
0.00063821 ,408.45439999999996
0.00076263 ,488.08320000000003
0.00021637 ,138.4768
0.00055166 ,353.0624
0.00050416 ,322.66240000000005
0.00039235 ,251.104
0.00041081 ,262.9184
0.00050836 ,325.35040000000004
0.00051236 ,327.91040000000004
0.00074319 ,475.64160000000004
0.00018334 ,117.33760000000001
0.00040921 ,261.8944
0.00024144 ,154.52159999999998
0.00046173 ,295.5072
0.00071431 ,457.15840000000003
0.00070757 ,452.8448
0.00016466 ,105.3824
0.00062457 ,399.72479999999996
0.00038018 ,243.31519999999998
0.00067491 ,431.9424
0.00020363 ,130.3232
1.80947023e-05 ,11.580609471999999
0.00011595 ,74.208
0.00063465 ,406.17599999999993
0.00015242 ,97.5488
0.00055361 ,354.31039999999996
0.00048928 ,313.1392
0.00031793 ,203.4752
0.00068972 ,441.4208
0.00036596 ,234.2144
3.06740766e-05 ,19.631409024
0.00020784 ,133.0176
8.41907849e-05 ,53.882102335999996
0.00051477 ,329.4528
0.00033679 ,215.54560000000004
0.0007361 ,471.104
0.00056174 ,359.5136
0.00045293 ,289.8752
0.00015311 ,97.9904
0.00046454 ,297.3056
0.00014757 ,94.4448
0.00055657 ,356.2048
0.00012289 ,78.6496
0.00048801 ,312.3264
0.00063417 ,405.8688
1.74941455e-05 ,11.19625312
0.0001032 ,66.048
0.00070768 ,452.91519999999997
0.00051615 ,330.336
8.33960613e-05 ,53.373479232
0.00026208 ,167.7312
0.00012202 ,78.0928
0.0005515 ,352.96
0.00021503 ,137.6192
0.00017065 ,109.216
0.00013472 ,86.2208
0.00071311 ,456.3904
0.00027397 ,175.3408
0.00027946 ,178.8544
0.00067741 ,433.54240000000004
0.00040513 ,259.2832
0.00033583 ,214.93120000000002
0.00037301 ,238.7264
8.07254783e-05 ,51.664306112
0.00016088 ,102.9632
0.0006029 ,385.856
0.00074373 ,475.98720000000003
0.00049503 ,316.8192
0.00042595 ,272.60800000000006
0.00065064 ,416.4096
0.00056196 ,359.6544
0.00066964 ,428.56960000000004
0.00069451 ,444.4864
0.0005721 ,366.14399999999995
0.00023991 ,153.54240000000001
0.00024958 ,159.7312
0.00014314 ,91.6096
0.0002458 ,157.312
0.00034004 ,217.62560000000002
0.00010653 ,68.1792
0.00042184 ,269.9776
0.0003697 ,236.60799999999998
0.00025532 ,163.4048
0.00059346 ,379.8144
0.00010416 ,66.6624
0.0001559 ,99.77599999999998
0.00073496 ,470.3744
0.00035916 ,229.86240000000004
7.43287727e-05 ,47.570414528
0.00052955 ,338.91200000000003
0.00033613 ,215.12320000000003
0.00019172 ,122.70079999999999
0.00011155 ,71.392
3.02276321e-06 ,1.9345684544
0.00046881 ,300.0384
0.00011693 ,74.8352
0.00074902 ,479.3728
0.00014954 ,95.7056
0.00074811 ,478.7904
0.00035626 ,228.0064
0.00021547 ,137.9008
0.00056179 ,359.54560000000004
0.00060239 ,385.52959999999996
0.0001578 ,100.99199999999999
0.00036332 ,232.52479999999997
0.00024639 ,157.68959999999998
0.00040131 ,256.8384
0.00046005 ,294.432
0.00078082 ,499.72479999999996
0.00047883 ,306.45120000000003
0.00064673 ,413.9072
0.00072687 ,465.1968
0.00065791 ,421.0624
0.00075372 ,482.3808
0.00061149 ,391.3536
0.00010337 ,66.15679999999999
3.69954646e-05 ,23.677097344
0.00048615 ,311.136
0.00045316 ,290.02239999999995
4.95740651e-05 ,31.727401664000002
0.00037953 ,242.89919999999998
0.00049208 ,314.9312
0.00026655 ,170.592
0.00057603 ,368.65920000000006
0.00015732 ,100.6848
6.37395384e-05 ,40.793304576000004
0.00061913 ,396.2432
0.00064612 ,413.5168
0.00066466 ,425.38239999999996
0.00051356 ,328.6784
0.00028254 ,180.8256
3.07670263e-05 ,19.690896831999996
0.00055447 ,354.86080000000004
0.00045675 ,292.32
2.51941386e-06 ,1.6124248704
0.00016637 ,106.4768
0.00065748 ,420.7872
3.32970282e-05 ,21.310098048
4.7984498e-05 ,30.71007872
2.02751968e-05 ,12.976125952
0.00035065 ,224.41599999999997
0.00018266 ,116.9024
0.00052601 ,336.6464000000001
0.00029217 ,186.98880000000003
0.00058958 ,377.33119999999997
0.00066268 ,424.1152
0.00075106 ,480.6784
0.00072754 ,465.6256000000001
0.00018941 ,121.2224
0.00020271 ,129.7344
0.00014621 ,93.5744
0.00071363 ,456.7232
0.00023803 ,152.3392
0.00025754 ,164.8256
0.00076013 ,486.48320000000007
4.79423514e-05 ,30.683104896
0.00023201 ,148.4864
0.00014742 ,94.3488
0.0003529 ,225.856
0.00014132 ,90.4448
0.00075513 ,483.28319999999997
0.00049912 ,319.4368
0.00032493 ,207.9552
0.00058976 ,377.44640000000004
0.00029337 ,187.75679999999997
0.00053251 ,340.80640000000005
3.10379418e-05 ,19.864282752
0.00046812 ,299.5968
0.00077389 ,495.28959999999995
0.00031944 ,204.4416
0.00013748 ,87.9872
0.00052335 ,334.94399999999996
0.00025933 ,165.9712
9.35804867e-06 ,5.9891511488
8.85723175e-05 ,56.6862832
3.60275565e-05 ,23.057636159999998
0.00025246 ,161.57439999999997
0.00028422 ,181.9008
0.00063836 ,408.5504
0.00023766 ,152.10240000000002
0.00036579 ,234.1056
0.00061912 ,396.2368
0.00029479 ,188.66559999999998
0.00021896 ,140.1344
0.00047489 ,303.9296
0.00060167 ,385.0688
0.00071408 ,457.0112
0.00043768 ,280.1152
0.00053501 ,342.4064000000001
0.00029508 ,188.85119999999998
0.00037824 ,242.0736
0.00066967 ,428.5888
0.00052366 ,335.1424
0.0005458 ,349.312
0.00027692 ,177.2288
0.00010255 ,65.632
0.00047481 ,303.8784
0.0005953 ,380.99199999999996
9.74955387e-05 ,62.397144768
0.00039393 ,252.11520000000002
0.00048761 ,312.0704
0.00074532 ,477.00480000000005
0.00073941 ,473.2224
0.00016883 ,108.05120000000001
0.00074624 ,477.59360000000004
0.00059089 ,378.16959999999995
0.00043103 ,275.8592
0.00048282 ,309.00480000000005
0.00010349 ,66.2336
5.08375532e-05 ,32.536034048
0.00023923 ,153.1072
0.00027305 ,174.752
0.00074223 ,475.0272
0.00063613 ,407.12320000000005
1.0939453e-05 ,7.00124992
8.27643064e-05 ,52.969156096
0.00051729 ,331.0656
0.00016525 ,105.76
0.00044053 ,281.9392
0.00074075 ,474.08000000000004
0.00069567 ,445.2288
0.00030947 ,198.06080000000003
0.0001622 ,103.808
0.00057947 ,370.86080000000004
0.0004568 ,292.352
0.00022081 ,141.3184
9.75323387e-05 ,62.420696768
0.00014681 ,93.95840000000001
0.00060314 ,386.0095999999999
5.83715555e-06 ,3.735779552
0.00016398 ,104.94720000000001
0.00022463 ,143.76319999999998
0.0002474 ,158.336
0.00037728 ,241.4592
0.00016503 ,105.6192
0.00013272 ,84.94079999999998
0.00074352 ,475.8528
0.00041816 ,267.62239999999997
0.00039714 ,254.1696
0.00077621 ,496.7744
0.00058878 ,376.81919999999997
0.00040212 ,257.3568
1.81269798e-05 ,11.601267071999999
0.00022789 ,145.84959999999998
0.00018404 ,117.7856
0.00019215 ,122.97600000000001
6.58532226e-05 ,42.14606246400001
3.55564405e-05 ,22.756121920000002
0.00068448 ,438.06719999999996
0.00047833 ,306.13120000000004
0.00030618 ,195.9552
0.00070909 ,453.81759999999997
0.00049891 ,319.3024
0.00053939 ,345.2096
0.00063929 ,409.1456
0.0005192 ,332.288
0.00020381 ,130.4384
0.00059342 ,379.7888
0.00023658 ,151.41119999999998
0.00014327 ,91.6928
5.29620217e-05 ,33.895693888
0.00032097 ,205.4208
0.00054692 ,350.0288
0.00044067 ,282.0288
4.00239031e-05 ,25.615297984
0.00058777 ,376.1728
0.0004014 ,256.89599999999996
0.00075198 ,481.2672
0.00073084 ,467.73759999999993
0.00023994 ,153.5616
0.00019858 ,127.0912
0.00055869 ,357.5616
0.00070335 ,450.144
0.00075308 ,481.97120000000007
0.00019521 ,124.9344
0.00060403 ,386.57919999999996
0.00042535 ,272.224
0.00076081 ,486.9184
0.00039178 ,250.7392
0.00045408 ,290.6112
0.00052501 ,336.0064
6.25595675e-05 ,40.03812320000001
0.00027402 ,175.37279999999998
0.00021498 ,137.5872
0.00066134 ,423.25759999999997
0.00014007 ,89.6448
0.00038124 ,243.9936
0.00028665 ,183.45600000000002
0.00022093 ,141.3952
0.00049943 ,319.63520000000005
0.0006364 ,407.296
0.00040245 ,257.568
0.00023723 ,151.8272
0.00074401 ,476.16640000000007
0.00056538 ,361.8432
0.00073512 ,470.4768
0.00014105 ,90.272
8.59858645e-05 ,55.03095328
0.00066528 ,425.7792
0.00047136 ,301.6704
0.00013944 ,89.2416
0.00038217 ,244.58879999999996
0.00046359 ,296.6976
0.00025276 ,161.76639999999998
0.00025147 ,160.94080000000002
0.00046012 ,294.4768
0.00030031 ,192.1984
0.00045271 ,289.7344
0.00075676 ,484.3264
0.00038586 ,246.95040000000003
0.00034956 ,223.71839999999997
0.00053746 ,343.97440000000006
9.4143409e-05 ,60.25178176
0.00073851 ,472.64639999999997
0.00070507 ,451.2448
0.00029452 ,188.4928
0.00047414 ,303.44960000000003
0.00050627 ,324.01279999999997
0.00066295 ,424.288
0.0004353 ,278.592
0.00010324 ,66.0736
0.00070279 ,449.78560000000004
0.00061908 ,396.2112000000001
0.00062912 ,402.6368
0.00069311 ,443.5904
0.0003008 ,192.512
9.61451174e-05 ,61.532875135999994
8.96486654e-05 ,57.375145855999996
0.00027267 ,174.50879999999998
0.00068983 ,441.49120000000005
0.00012476 ,79.8464
0.00028408 ,181.81119999999999
7.82592109e-05 ,50.085894976
0.00073244 ,468.7616
0.00054961 ,351.75039999999996
0.0006534 ,418.17600000000004
0.00056631 ,362.4384
0.00031624 ,202.39360000000002
7.7265609e-05 ,49.44998976
0.00053999 ,345.5936
0.00058426 ,373.9264
0.00022019 ,140.9216
5.79431388e-05 ,37.083608832
0.00030651 ,196.1664
0.0006605 ,422.71999999999997
0.00029012 ,185.6768
0.00016883 ,108.05120000000001
0.000531 ,339.84000000000003
0.00054552 ,349.1328
0.00057222 ,366.22080000000005
0.00012798 ,81.9072
5.44727344e-05 ,34.862550016
0.0005683 ,363.712
0.0006586 ,421.50399999999996
0.00041498 ,265.5872
0.0004696 ,300.544
3.35037352e-05 ,21.442390528
3.69029296e-05 ,23.617874943999997
0.00046053 ,294.7392
2.11587965e-05 ,13.541629759999998
0.00060327 ,386.09280000000007
0.00030118 ,192.7552
0.00047784 ,305.81759999999997
0.00015541 ,99.4624
0.00019531 ,124.9984
0.00053477 ,342.2528
0.00052609 ,336.69759999999997
0.00015694 ,100.4416
0.00022701 ,145.28640000000001
0.00061771 ,395.3344000000001
0.00069917 ,447.46880000000004
0.00026676 ,170.7264
0.00028491 ,182.3424
0.00055516 ,355.3024
0.00058721 ,375.8144
0.00051465 ,329.376
0.00022624 ,144.7936
2.72229037e-05 ,17.422658368
0.00056574 ,362.0736
0.00077517 ,496.10880000000003
0.00030586 ,195.75039999999998
6.3930022e-05 ,40.91521408
0.00039699 ,254.0736
2.28473371e-05 ,14.622295744
2.70870011e-05 ,17.335680704
0.00035873 ,229.5872
0.00020753 ,132.8192
0.0003901 ,249.664
0.00056637 ,362.47679999999997
0.0007268 ,465.152
0.0004532 ,290.048
0.00074043 ,473.8752
4.01336327e-05 ,25.685524928
0.00020912 ,133.8368
0.00038192 ,244.4288
0.00025144 ,160.9216
0.00036025 ,230.56
0.00041215 ,263.776
0.00073451 ,470.0864
2.04974935e-05 ,13.118395840000002
0.00025692 ,164.4288
8.81802096e-05 ,56.435334143999995
0.00015292 ,97.8688
0.00034121 ,218.3744
0.00047302 ,302.7328
0.00052414 ,335.4496
0.00017965 ,114.976
0.00030173 ,193.1072
0.00045453 ,290.8992
0.00063637 ,407.2768
0.00047579 ,304.5056
0.00034615 ,221.53599999999997
0.00046919 ,300.2816
0.00072621 ,464.7744
0.00020087 ,128.5568
1.49617975e-05 ,9.5755504
3.62324274e-05 ,23.188753536
0.00025555 ,163.552
8.78268834e-05 ,56.209205376
0.00061284 ,392.21760000000006
0.00049763 ,318.4832
0.00053351 ,341.4463999999999
0.00010469 ,67.0016
0.00020023 ,128.1472
0.00071287 ,456.2368
0.0002113 ,135.232
0.00049534 ,317.0176
0.00046902 ,300.1728
0.00027325 ,174.88
0.00065065 ,416.41600000000005
0.00052099 ,333.43360000000007
0.00055872 ,357.5808
0.00033849 ,216.6336
1.44499976e-05 ,9.247998464
0.000394 ,252.15999999999997
0.00068637 ,439.2768
0.00070853 ,453.4592
0.00072319 ,462.84159999999997
0.00027342 ,174.9888
0.00067338 ,430.9632
0.00018937 ,121.19680000000001
1.59999005e-05 ,10.23993632
0.00035288 ,225.84320000000002
0.0006904 ,441.856
0.00010236 ,65.5104
0.00073638 ,471.2832
0.00027076 ,173.28640000000001
0.0004427 ,283.32800000000003
0.00041646 ,266.5344
6.48719511e-05 ,41.518048703999995
0.00060047 ,384.3008
0.00074301 ,475.52639999999997
0.0003359 ,214.976
0.00075628 ,484.01920000000007
4.80875749e-05 ,30.776047935999998
2.66093607e-05 ,17.029990848
0.0007691 ,492.224
0.00065008 ,416.0512
0.00011113 ,71.1232
0.00051288 ,328.2432
0.00035729 ,228.66559999999998
0.0006751 ,432.064
0.00023492 ,150.3488
0.00067919 ,434.6816
0.00061969 ,396.60159999999996
0.00026635 ,170.464
0.0007501 ,480.06399999999996
0.00024459 ,156.5376
0.0002335 ,149.44
0.00054031 ,345.79839999999996
0.00043946 ,281.25440000000003
0.00013775 ,88.16
0.000634 ,405.76
0.00067501 ,432.0064
0.00076731 ,491.07840000000004
0.00066627 ,426.41279999999995
0.00049298 ,315.5072
0.00075622 ,483.9808
0.00064766 ,414.5024
0.00078114 ,499.92960000000005
0.00047415 ,303.456
0.00034131 ,218.4384
0.00065244 ,417.5616
0.00037928 ,242.7392
0.00041134 ,263.25759999999997
0.00066891 ,428.1024
2.94342648e-05 ,18.837929472000003
0.00032785 ,209.82399999999998
0.00047773 ,305.7472
0.00049241 ,315.14239999999995
0.00013915 ,89.056
0.00012261 ,78.4704
2.09855173e-05 ,13.430731072
0.00058771 ,376.13439999999997
0.00032907 ,210.60479999999998
0.00059763 ,382.4832
0.00034562 ,221.1968
0.00034029 ,217.7856
0.00073665 ,471.456
0.00034679 ,221.94559999999998
0.00052511 ,336.07039999999995
0.00031133 ,199.25119999999998
0.0006845 ,438.08
0.00077114 ,493.5296
3.951037e-05 ,25.286636799999997
0.00015604 ,99.8656
0.00033222 ,212.62079999999997
0.00049745 ,318.36799999999994
0.00076475 ,489.44000000000005
0.00019545 ,125.08800000000001
0.00045437 ,290.7968
0.00038421 ,245.8944
0.00073032 ,467.40479999999997
0.00019272 ,123.3408
9.29481051e-05 ,59.486787264
0.00065361 ,418.3104
0.00044516 ,284.9024
7.00546507e-05 ,44.834976448
0.00022844 ,146.2016
0.00036452 ,233.2928
0.00033306 ,213.15839999999997
0.00042315 ,270.81600000000003
0.00022057 ,141.1648
0.00049877 ,319.2128
0.00053827 ,344.4928
0.00011027 ,70.5728
0.0007059 ,451.77599999999995
0.0004839 ,309.696
0.00043199 ,276.4736
0.00055999 ,358.3936
0.00017391 ,111.30239999999999
0.00050938 ,326.00320000000005
0.00035008 ,224.0512
0.00070595 ,451.808
4.25959499e-05 ,27.261407935999998
0.00026521 ,169.7344
0.00060474 ,387.0336
0.00022564 ,144.40959999999998
0.00027864 ,178.3296
3.08550646e-05 ,19.747241344
0.00070237 ,449.51680000000005
0.00072476 ,463.84639999999996
0.00041912 ,268.2368
0.0003393 ,217.152
0.00010903 ,69.7792
0.00063582 ,406.9248
0.00052948 ,338.8672
0.00015194 ,97.2416
0.00011324 ,72.47359999999999
0.00028099 ,179.83360000000002
0.00038928 ,249.13919999999996
0.00022238 ,142.32319999999999
1.29432478e-05 ,8.283678592
0.00061949 ,396.4736
0.00056266 ,360.1024
8.43007524e-05 ,53.952481536
0.00015894 ,101.7216
0.00077955 ,498.912
0.00069787 ,446.6368
0.00038771 ,248.1344
0.00054006 ,345.6384
0.00019422 ,124.30080000000001
0.00036476 ,233.44639999999998
0.0005775 ,369.6
0.00058905 ,376.9920000000001
0.00069453 ,444.4992
0.00037782 ,241.8048
3.28106719e-05 ,20.998830016
0.00062565 ,400.41599999999994
0.00040159 ,257.0176
7.79418785e-05 ,49.882802240000004
0.00074632 ,477.6448
0.00068003 ,435.2192
0.00054348 ,347.82720000000006
0.00057384 ,367.2576
0.00030692 ,196.42880000000002
0.00071994 ,460.76159999999993
0.00013292 ,85.06879999999998
3.00699377e-05 ,19.244760128
0.00016815 ,107.616
0.00013901 ,88.96640000000002
0.00043888 ,280.8832
0.00010639 ,68.0896
0.00016369 ,104.7616
0.00032682 ,209.1648
0.00048806 ,312.3584
7.83396882e-05 ,50.137400447999994
0.00039463 ,252.5632
0.00064148 ,410.54720000000003
0.00048809 ,312.37760000000003
0.00030104 ,192.66559999999998
0.00074905 ,479.392
0.00036487 ,233.5168
0.00064683 ,413.9712
0.00026741 ,171.14239999999998
0.00051391 ,328.9024
6.25974215e-05 ,40.062349760000004
0.0001686 ,107.904
0.00065428 ,418.73920000000004
0.00015066 ,96.4224
0.00032514 ,208.08960000000002
0.00059894 ,383.32159999999993
0.00048825 ,312.48
1.0392253e-05 ,6.651041920000001
0.0007114 ,455.29600000000005
0.00037167 ,237.8688
2.71393415e-05 ,17.36917856
0.00018674 ,119.5136
0.00037898 ,242.54719999999998
1.14280521e-05 ,7.313953344000001
0.00071837 ,459.7568
0.00046493 ,297.5552
0.00054428 ,348.3392
0.00012639 ,80.88959999999999
0.00022917 ,146.6688
0.00037718 ,241.39520000000002
4.1296081e-05 ,26.429491839999997
0.00076804 ,491.5456
0.00066148 ,423.3472
0.00041458 ,265.3312
0.00055097 ,352.62080000000003
0.00048809 ,312.37760000000003
0.00010872 ,69.5808
0.00053519 ,342.5216
0.00063447 ,406.0608000000001
0.00051336 ,328.5504
0.00015849 ,101.43360000000001
0.00070596 ,451.81440000000003
0.00022779 ,145.78560000000002
0.00077786 ,497.8304
0.00035403 ,226.57920000000001
0.00041206 ,263.7184
0.00070552 ,451.53279999999995
0.00032434 ,207.57760000000002
0.00067532 ,432.20480000000003
0.0003649 ,233.536
6.56371393e-05 ,42.007769151999995
0.00043061 ,275.5904
9.61455039e-05 ,61.533122496
0.00032477 ,207.8528
0.00047755 ,305.632
0.00044448 ,284.46720000000005
0.0007803 ,499.392
0.00037905 ,242.59199999999998
0.0004677 ,299.328
2.21465439e-05 ,14.173788096
0.00012352 ,79.0528
0.00052517 ,336.10880000000003
0.00029188 ,186.8032
0.00068696 ,439.6544
0.00047976 ,307.04639999999995
0.0002185 ,139.84
6.49927071e-05 ,41.595332544
0.00058828 ,376.49920000000003
0.00025765 ,164.896
0.00064874 ,415.1936
0.00042528 ,272.1792
0.00036781 ,235.39839999999998
0.00067895 ,434.52799999999996
0.00017392 ,111.30879999999999
0.00067154 ,429.78560000000004
0.00039306 ,251.55839999999998
0.00013905 ,88.99199999999999
0.00045552 ,291.5328
0.00073465 ,470.17600000000004
4.62989423e-05 ,29.631323072
0.00026663 ,170.64320000000004
0.00040651 ,260.1664
0.00044159 ,282.6176
0.00040735 ,260.704
0.00076325 ,488.48
0.00073274 ,468.95359999999994
5.50564914e-05 ,35.236154496
0.00072359 ,463.09759999999994
0.00025882 ,165.6448
0.00057222 ,366.22080000000005
0.0002648 ,169.47199999999998
0.00057723 ,369.4272
0.00010043 ,64.2752
0.00069991 ,447.9424
0.00053386 ,341.6704
0.00055961 ,358.1504
3.65930239e-05 ,23.419535296
2.48976001e-06 ,1.5934464063999998
0.00018059 ,115.5776
4.54964681e-05 ,29.117739584
0.00031499 ,201.59359999999998
0.0005775 ,369.6
0.00045293 ,289.8752
8.09981863e-05 ,51.838839232
0.00034685 ,221.98399999999998
7.00421485e-05 ,44.82697504
0.00022263 ,142.4832
0.00048304 ,309.1456
0.00060735 ,388.70399999999995
0.00012435 ,79.58399999999999
0.00078021 ,499.3344000000001
0.00055126 ,352.80640000000005
0.00027138 ,173.6832
0.00063584 ,406.93760000000003
0.00024386 ,156.0704
4.06901642e-05 ,26.041705087999997
0.00029707 ,190.12479999999996
0.00055899 ,357.7536
1.44368866e-05 ,9.239607424
6.85051391e-05 ,43.843289024
0.00028253 ,180.8192
0.00070713 ,452.56320000000005
0.00069409 ,444.2176
0.00020664 ,132.2496
5.31330739e-05 ,34.005167296
0.00073127 ,468.01279999999997
0.00013271 ,84.9344
0.00038024 ,243.35360000000003
0.00020647 ,132.14079999999998
0.00012436 ,79.5904
0.00058629 ,375.22560000000004
0.0001618 ,103.55199999999999
0.00062064 ,397.20959999999997
5.48322836e-05 ,35.092661504000006
0.00060088 ,384.56320000000005
0.00013665 ,87.45599999999999
0.00014608 ,93.4912
0.00059095 ,378.20799999999997
8.0102755e-05 ,51.26576320000001
0.0001587 ,101.56800000000001
0.00033495 ,214.368
0.00037968 ,242.9952
0.00031407 ,201.00480000000002
0.00033181 ,212.3584
0.00064113 ,410.3232
0.00064604 ,413.4656
0.0003757 ,240.44800000000004
0.00071601 ,458.2464
5.75277781e-05 ,36.817777984
0.00057137 ,365.67679999999996
0.00045314 ,290.0096
0.00054219 ,347.00160000000005
8.03274206e-05 ,51.40954918399999
0.00070364 ,450.32959999999997
0.00017891 ,114.50240000000001
0.00058584 ,374.93760000000003
0.00072135 ,461.66400000000004
0.00011027 ,70.5728
0.00014648 ,93.74719999999999
0.00045604 ,291.8656
8.22754903e-05 ,52.656313792000006
0.00034922 ,223.50080000000003
5.64197871e-05 ,36.108663744
0.00033575 ,214.88
0.00068226 ,436.64639999999997
0.00051157 ,327.4048
0.0002444 ,156.416
0.00073861 ,472.7104
4.37740977e-05 ,28.015422528000002
0.00030407 ,194.6048
0.00012859 ,82.29759999999999
0.00011788 ,75.4432
0.00036752 ,235.21279999999996
0.00053691 ,343.62239999999997
0.00051886 ,332.0704
0.00062898 ,402.5472
8.42478734e-06 ,5.3918638976
0.00032162 ,205.8368
0.00023535 ,150.624
6.35006204e-05 ,40.640397056
0.00072514 ,464.0896
4.10514708e-05 ,26.272941312
0.00027044 ,173.0816
0.00063853 ,408.65920000000006
0.00043252 ,276.8128
0.00043208 ,276.5312
7.87665259e-05 ,50.410576576000004
0.000394 ,252.15999999999997
0.0003116 ,199.42399999999998
0.0002456 ,157.184
0.00062063 ,397.20320000000004
0.0006739 ,431.29599999999994
0.0006474 ,414.336
0.00018354 ,117.4656
0.00029671 ,189.8944
9.27097796e-05 ,59.334258944
0.00019273 ,123.34720000000002
0.00023837 ,152.5568
0.00052496 ,335.9744
0.00038427 ,245.9328
0.00074457 ,476.52479999999997
0.00062014 ,396.88960000000003
0.00023104 ,147.86560000000003
0.00011294 ,72.2816
0.00054683 ,349.9712
0.00064345 ,411.808
7.78097035e-05 ,49.798210239999996
0.00059891 ,383.30240000000003
6.982979e-05 ,44.6910656
0.00063538 ,406.6432
0.00029469 ,188.60160000000002
0.00069884 ,447.2576
0.00049023 ,313.7472
0.00014101 ,90.2464
0.00040228 ,257.4592
0.0005857 ,374.848
0.00066574 ,426.0736
0.00052129 ,333.6256
0.00071909 ,460.2176
0.00012949 ,82.87360000000001
0.00054086 ,346.1504
0.00015632 ,100.0448
0.00046142 ,295.3088
0.0006282 ,402.048
0.00061717 ,394.98879999999997
0.00063926 ,409.12640000000005
0.00072774 ,465.7536
0.0004034 ,258.176
0.00043575 ,278.88
0.00041176 ,263.5264
0.00031777 ,203.37279999999998
0.00048163 ,308.2432
0.00055928 ,357.9392
0.00039566 ,253.2224
0.00039551 ,253.12640000000002
0.00043928 ,281.1392
0.00016401 ,104.9664
0.0004347 ,278.20799999999997
0.00038027 ,243.37279999999998
9.05334197e-05 ,57.941388608
0.00011831 ,75.7184
6.0843565e-05 ,38.9398816
3.38757104e-05 ,21.680454656000002
0.00053214 ,340.5696
9.6119754e-06 ,6.151664256
0.00069577 ,445.2928
0.00028656 ,183.39839999999998
1.36480248e-06 ,0.8734735871999999
0.00026553 ,169.9392
0.00010653 ,68.1792
0.00060453 ,386.8992
5.67011989e-05 ,36.288767296
0.00031364 ,200.7296
0.00065666 ,420.2624
0.00077512 ,496.07680000000005
0.00049029 ,313.7856
0.00027051 ,173.12640000000002
0.00076471 ,489.4144
0.00046484 ,297.4976
0.00050295 ,321.8879999999999
0.00011449 ,73.2736
5.99304646e-05 ,38.355497344
0.0007448 ,476.672
0.00037907 ,242.6048
0.00072785 ,465.824
0.0006946 ,444.544
0.00017425 ,111.52000000000001
0.00077327 ,494.89279999999997
0.0003653 ,233.792
0.00032595 ,208.60799999999998
0.00043475 ,278.24
0.00052733 ,337.4912
0.00036003 ,230.41920000000002
0.00045614 ,291.9296
0.00056962 ,364.55679999999995
0.00059415 ,380.256
1.26349763e-05 ,8.086384832
0.0006588 ,421.63199999999995
0.00025522 ,163.3408
0.00017553 ,112.33919999999999
0.00030622 ,195.9808
1.06227253e-05 ,6.798544192
0.00019748 ,126.3872
0.00015345 ,98.208
0.00011226 ,71.8464
0.00056642 ,362.5088
6.52949242e-05 ,41.788751488
0.00035464 ,226.96959999999996
8.28938419e-05 ,53.052058816
0.00063824 ,408.47360000000003
2.40973856e-05 ,15.422326784
0.00046361 ,296.7104
0.00073788 ,472.2432
0.00076445 ,489.248
0.00058235 ,372.704
0.00075651 ,484.16639999999995
0.00053012 ,339.27680000000004
1.01010277e-05 ,6.464657728000001
0.00065468 ,418.9952
0.00047928 ,306.7392
0.00049898 ,319.3472
0.00049207 ,314.92480000000006
0.00011598 ,74.2272
0.00049572 ,317.26079999999996
0.00074335 ,475.744
4.52659507e-05 ,28.970208448
0.00073646 ,471.3344
0.00047466 ,303.7824
0.00011652 ,74.5728
6.49942857e-05 ,41.596342848
0.00018569 ,118.8416
0.00076272 ,488.1408
0.00066991 ,428.7424
0.00067778 ,433.77920000000006
0.00014762 ,94.4768
0.00031811 ,203.59039999999996
0.00028323 ,181.2672
0.00063371 ,405.57439999999997
0.00033538 ,214.64319999999998
0.00031994 ,204.7616
0.00070324 ,450.07360000000006
0.00032699 ,209.2736
8.65064964e-05 ,55.36415769600001
0.00073546 ,470.6944
0.00042585 ,272.544
9.50884943e-05 ,60.856636352
0.00040405 ,258.592
0.00054879 ,351.2256
0.00056937 ,364.39680000000004
0.00052022 ,332.94079999999997
0.00038985 ,249.50400000000002
0.0007268 ,465.152
0.00038167 ,244.2688
0.00039439 ,252.4096
0.00041589 ,266.1696
0.00033627 ,215.21280000000002
0.00016901 ,108.16640000000001
0.00048945 ,313.248
0.00058728 ,375.8592
0.00047197 ,302.0608
0.00067949 ,434.8736
0.00019948 ,127.66720000000001
0.00051057 ,326.7648
0.0004891 ,313.024
0.0004741 ,303.424
0.00062657 ,401.0048
0.00062203 ,398.0992
0.00069565 ,445.216
0.00010085 ,64.544
0.00041073 ,262.86719999999997
0.00050101 ,320.64639999999997
0.00035969 ,230.2016
6.48237995e-05 ,41.48723168
0.00047131 ,301.6384
3.16999629e-05 ,20.287976255999997
0.0003041 ,194.62400000000002
0.00055582 ,355.72479999999996
1.53838195e-06 ,0.984564448
0.00030741 ,196.74239999999998
0.00034455 ,220.512
0.00064467 ,412.5888
0.0006708 ,429.312
0.00017572 ,112.4608
0.00064555 ,413.15200000000004
0.00050202 ,321.2928
0.00018025 ,115.36
0.00029931 ,191.5584
0.0005391 ,345.024
0.00042388 ,271.2832
0.00018684 ,119.5776
0.00045811 ,293.1904
0.00032187 ,205.9968
0.000122 ,78.08
0.00064609 ,413.4976
0.00059341 ,379.78240000000005
0.00055299 ,353.9136
0.000435 ,278.4
2.8990554e-05 ,18.55395456
0.00050063 ,320.40319999999997
0.00065773 ,420.9472
0.00073246 ,468.7744
0.00060227 ,385.45279999999997
0.00020792 ,133.0688
8.27914975e-05 ,52.98655840000001
8.63125039e-05 ,55.240002495999995
0.00036238 ,231.92319999999998
0.00053822 ,344.46079999999995
0.00019674 ,125.9136
0.00071091 ,454.98240000000004
7.29531403e-06 ,4.6690009792
0.00053029 ,339.3856
0.00046947 ,300.4608
4.8917436e-05 ,31.307159040000002
0.00063173 ,404.3072
3.76745281e-05 ,24.111697984
0.00025372 ,162.3808
0.00053515 ,342.496
0.00028001 ,179.20640000000003
0.00049428 ,316.3392
0.00070994 ,454.3616
0.00077435 ,495.58400000000006
0.00039764 ,254.4896
0.0003433 ,219.712
0.00043352 ,277.4528
0.00013538 ,86.64320000000001
0.00048777 ,312.1728
0.00031774 ,203.35360000000003
0.00038843 ,248.5952
6.0387969e-05 ,38.64830016
0.0004098 ,262.272
0.00051295 ,328.288
0.00011802 ,75.5328
0.00058105 ,371.87199999999996
0.00076878 ,492.0192
0.0003944 ,252.416
0.00033487 ,214.3168
0.00036475 ,233.44
6.01799828e-07 ,0.38515188992000005
0.00055363 ,354.32320000000004
0.00011264 ,72.0896
0.00054387 ,348.0768
0.00072077 ,461.2928
0.00065322 ,418.06080000000003
0.00048523 ,310.5472
0.00013173 ,84.3072
0.00055979 ,358.2656
0.00016186 ,103.5904
0.00050315 ,322.01599999999996
0.00013095 ,83.808
0.00077165 ,493.85600000000005
0.00020298 ,129.90720000000002
0.00032517 ,208.1088
0.00020815 ,133.216
0.00074993 ,479.9552
0.00066868 ,427.9552
0.00068069 ,435.64160000000004
0.00050305 ,321.952
0.00025393 ,162.5152
4.08661644e-05 ,26.154345216000003
0.00026684 ,170.7776
0.0001726 ,110.464
0.00064833 ,414.93120000000005
0.00054026 ,345.7664
0.00048401 ,309.7664
0.00045728 ,292.6592
0.00023811 ,152.3904
0.00025749 ,164.7936
0.00074806 ,478.75840000000005
0.00044341 ,283.7824
8.89844415e-05 ,56.95004256
0.00065716 ,420.5824
0.00033971 ,217.4144
0.00037855 ,242.272
0.00013266 ,84.9024
0.00041874 ,267.9936
1.13526299e-05 ,7.265683136000001
0.00027761 ,177.67040000000003
0.0006012 ,384.768
0.00010487 ,67.1168
0.00060575 ,387.67999999999995
0.00070773 ,452.94719999999995
0.00057974 ,371.03360000000004
0.00034912 ,223.43680000000003
0.00057601 ,368.64639999999997
0.00052945 ,338.84799999999996
9.85454759e-05 ,63.069104576
5.56172221e-05 ,35.595022144
0.00050765 ,324.896
0.00015366 ,98.3424
0.00045961 ,294.1504
0.00047642 ,304.9088
0.00029755 ,190.432
0.00010531 ,67.3984
0.00019763 ,126.4832
2.46851266e-05 ,15.798481023999999
9.88569186e-05 ,63.268427904
0.00041575 ,266.08
0.00037415 ,239.45600000000002
5.05771862e-05 ,32.369399168
0.00021655 ,138.59199999999998
0.0005385 ,344.64
0.00016289 ,104.2496
0.00050761 ,324.8704
0.00049398 ,316.1472
0.0006301 ,403.264
6.54121949e-05 ,41.863804736000006
0.00060317 ,386.0288
0.00075714 ,484.56960000000004
0.00060537 ,387.43680000000006
8.17094818e-05 ,52.294068352
0.00020695 ,132.448
0.00032595 ,208.60799999999998
0.00014612 ,93.5168
0.00063704 ,407.70559999999995
0.00046255 ,296.03200000000004
0.00056251 ,360.0064
0.00027692 ,177.2288
0.00033315 ,213.216
0.00062144 ,397.72159999999997
0.00034936 ,223.5904
2.42689348e-05 ,15.532118272
3.83116367e-05 ,24.519447487999997
0.00051346 ,328.61440000000005
0.00049701 ,318.0864
0.00050888 ,325.6832
0.00030445 ,194.848
4.78925486e-05 ,30.651231103999997
0.00028244 ,180.76160000000002
0.0001846 ,118.14399999999999
0.00037051 ,237.1264
0.00076434 ,489.1775999999999
0.0003862 ,247.168
0.00028488 ,182.3232
0.00056462 ,361.3568
0.00042839 ,274.1696
0.0003584 ,229.376
0.00065219 ,417.4016
0.00030331 ,194.11839999999998
0.00058667 ,375.46879999999993
0.00020107 ,128.6848
0.00074301 ,475.52639999999997
0.00061817 ,395.6288
0.00050363 ,322.32320000000004
0.00057366 ,367.14240000000007
0.0005792 ,370.688
0.00024098 ,154.2272
0.00072505 ,464.032
0.00067879 ,434.42560000000003
0.00016293 ,104.2752
0.00045602 ,291.8528
0.00038332 ,245.32479999999998
0.00066903 ,428.17920000000004
0.00045832 ,293.3248
0.00030644 ,196.1216
0.00062128 ,397.6192
0.00075024 ,480.1536
0.00024821 ,158.8544
0.00041751 ,267.2064
7.76843131e-05 ,49.717960384
4.07567476e-05 ,26.084318464000003
0.00040953 ,262.0992
0.00032402 ,207.3728
0.00066387 ,424.8768
0.00052031 ,332.99839999999995
0.00050558 ,323.57120000000003
0.00030985 ,198.304
3.49609846e-05 ,22.375030144
0.00041696 ,266.8544
0.00034376 ,220.00639999999999
0.00012669 ,81.0816
0.00041169 ,263.4816
0.00074569 ,477.24160000000006
0.00021765 ,139.296
4.72706639e-05 ,30.253224896
0.00011136 ,71.2704
0.00041913 ,268.2432
0.00027894 ,178.52159999999998
0.00075437 ,482.79679999999996
0.00037934 ,242.7776
0.00021671 ,138.6944
5.26824658e-05 ,33.716778112
0.00074972 ,479.8208
0.00035616 ,227.94240000000002
0.00044319 ,283.6416
0.00028377 ,181.6128
2.2770346e-05 ,14.57302144
0.00020725 ,132.64
0.00014252 ,91.2128
0.00027348 ,175.0272
0.00077188 ,494.0032
8.24310421e-05 ,52.75586694399999
0.00010925 ,69.92
0.00010088 ,64.5632
0.00065804 ,421.14560000000006
0.00069714 ,446.1696
6.84542216e-05 ,43.810701824000006
0.00076499 ,489.59360000000004
0.00020203 ,129.29919999999998
0.00042754 ,273.6256
0.0005757 ,368.448
0.00015564 ,99.6096
1.98449362e-05 ,12.700759168
0.00026222 ,167.82080000000002
2.4835987e-06 ,1.5895031680000002
0.00038033 ,243.4112
4.92553173e-05 ,31.523403071999997
0.00055619 ,355.96160000000003
0.00073551 ,470.7264
0.00068396 ,437.73439999999994
0.00019483 ,124.69120000000001
0.00055171 ,353.09439999999995
0.00070645 ,452.12799999999993
0.00076512 ,489.6768
5.42108137e-05 ,34.694920768
0.00035932 ,229.96479999999997
0.0005894 ,377.216
0.00066887 ,428.0768
0.00053758 ,344.0512
0.00042093 ,269.39520000000005
0.00018079 ,115.7056
0.00026679 ,170.74559999999997
0.00050654 ,324.1856
0.00024991 ,159.9424
0.00073777 ,472.17280000000005
0.00012062 ,77.1968
0.00045635 ,292.064
0.00045405 ,290.592
0.00023258 ,148.8512
0.00065044 ,416.2815999999999
0.0004798 ,307.072
0.00035228 ,225.45919999999998
0.00054331 ,347.7184
0.00047823 ,306.0672
0.00017276 ,110.5664
0.00062315 ,398.81600000000003
0.00047865 ,306.336
0.00059315 ,379.616
2.37548571e-05 ,15.203108544
9.4868926e-05 ,60.716112640000006
0.00016467 ,105.3888
0.0005434 ,347.776
8.21051755e-06 ,5.254731232000001
0.00046915 ,300.25600000000003
0.00061797 ,395.5008
0.00050679 ,324.34560000000005
0.00028514 ,182.4896
0.00045302 ,289.9328
3.86382799e-05 ,24.728499136000003
0.00012156 ,77.7984
0.00030068 ,192.4352
0.00030777 ,196.97280000000003
8.07515845e-05 ,51.68101408
0.00068183 ,436.37120000000004
1.08616594e-05 ,6.951462016000001
0.00067848 ,434.2272
0.00071823 ,459.66720000000004
0.00060025 ,384.15999999999997
0.00010139 ,64.8896
0.00044295 ,283.488
9.16604169e-05 ,58.662666816
0.00072142 ,461.7088
0.00040211 ,257.35040000000004
7.78806809e-05 ,49.843635776
0.00073632 ,471.24480000000005
0.00061325 ,392.47999999999996
0.00073346 ,469.4144
0.00022272 ,142.5408
0.00047097 ,301.4208
0.00054511 ,348.8704
2.56754661e-05 ,16.432298304
0.00059297 ,379.5008
0.00076411 ,489.03040000000004
0.00065832 ,421.3248
0.00056873 ,363.98720000000003
0.00014187 ,90.79679999999999
0.00048849 ,312.6336
0.00052243 ,334.3552
0.00039276 ,251.3664
0.00045421 ,290.6944
0.00019728 ,126.2592
0.00038138 ,244.0832
0.00056985 ,364.70399999999995
0.0006255 ,400.31999999999994
0.00030645 ,196.128
0.00049135 ,314.464
1.09542031e-05 ,7.010689984000001
0.00055737 ,356.7167999999999
0.00025641 ,164.1024
3.97972844e-05 ,25.470262016
0.0002674 ,171.13599999999997
0.00060872 ,389.5808
9.65823282e-05 ,61.81269004800001
0.00041523 ,265.7472
0.00059415 ,380.256
0.00069604 ,445.4656
0.00034947 ,223.6608
0.00078048 ,499.50719999999995
0.00068145 ,436.128
0.00042101 ,269.4464
0.00061259 ,392.0576
5.02263466e-05 ,32.144861824
0.00031628 ,202.4192
0.00074042 ,473.86879999999996
0.00036974 ,236.6336
0.00073169 ,468.2816
0.00021578 ,138.0992
0.00059709 ,382.1376
0.00038866 ,248.7424
0.00024104 ,154.2656
0.00027385 ,175.264
7.06267244e-05 ,45.201103616
0.00030828 ,197.29919999999998
0.00031243 ,199.9552
9.12343842e-05 ,58.39000588799999
0.00024579 ,157.3056
0.00039544 ,253.0816
0.00039864 ,255.12959999999998
4.5293268e-05 ,28.987691520000002
0.0005664 ,362.496
3.63189648e-05 ,23.244137472
0.00039008 ,249.6512
0.00057275 ,366.56
0.00043992 ,281.54879999999997
0.00061338 ,392.56319999999994
0.000531 ,339.84000000000003
6.05570343e-06 ,3.8756501952
0.00031584 ,202.13760000000002
0.00057751 ,369.60640000000006
0.00060693 ,388.4352
0.00050501 ,323.2064
0.00013338 ,85.3632
0.00010351 ,66.24640000000001
0.00012487 ,79.9168
6.54477534e-06 ,4.1886562176
0.0006946 ,444.544
0.00026665 ,170.656
0.00044407 ,284.20480000000003
0.00044001 ,281.6064
0.00064487 ,412.7168
0.00021086 ,134.9504
0.00044384 ,284.0576
0.00069629 ,445.62559999999996
0.00049095 ,314.20799999999997
0.00049159 ,314.6176
0.00046835 ,299.74399999999997
0.0005842 ,373.88800000000003
0.00012944 ,82.8416
0.00013795 ,88.288
0.00017292 ,110.66879999999999
6.09307357e-06 ,3.8995670847999997
0.00022174 ,141.9136
0.00021066 ,134.8224
0.00067611 ,432.7104
0.00046154 ,295.38559999999995
0.00028407 ,181.8048
0.00013003 ,83.2192
0.00025132 ,160.84480000000002
0.00028215 ,180.57600000000002
0.00052152 ,333.77279999999996
0.00069107 ,442.28479999999996
0.00059135 ,378.46400000000006
0.00032995 ,211.168
0.00048274 ,308.9536
0.00029048 ,185.90720000000002
4.47869583e-05 ,28.663653312000005
0.00042821 ,274.0544
0.00051556 ,329.9584
0.00011329 ,72.50559999999999
0.00077298 ,494.7072
0.00064002 ,409.6128
0.00018361 ,117.51040000000002
0.00073648 ,471.34720000000004
0.00072535 ,464.22400000000005
0.00044037 ,281.8368
0.00048827 ,312.49280000000005
0.00075273 ,481.7472
9.63534569e-05 ,61.66621241600001
0.00032065 ,205.216
0.00025596 ,163.8144
0.00055529 ,355.38559999999995
7.6666963e-05 ,49.06685632
6.68178482e-05 ,42.763422848000005
0.00072242 ,462.3488
0.00066709 ,426.9376
0.0003529 ,225.856
0.00011286 ,72.2304
3.05529753e-05 ,19.553904191999997
0.00063544 ,406.6816
0.00062532 ,400.2048
0.00077052 ,493.1328
0.00072029 ,460.9856
0.0007656 ,489.984
0.00060368 ,386.35519999999997
0.00048706 ,311.7184
0.00050288 ,321.8432
0.00035402 ,226.5728
7.0659718e-05 ,45.22221952000001
0.00055416 ,354.66240000000005
0.00045216 ,289.3824
6.46140829e-05 ,41.35301305600001
0.00012192 ,78.0288
0.00056898 ,364.14719999999994
0.00013185 ,84.384
0.00013474 ,86.2336
0.00046362 ,296.7168
0.00051594 ,330.2016
0.00037706 ,241.3184
0.00011713 ,74.9632
0.00037096 ,237.4144
0.0007702 ,492.928
0.00037518 ,240.11520000000002
0.00026068 ,166.83520000000001
0.0004329 ,277.056
0.00069266 ,443.30240000000003
0.00039807 ,254.76479999999998
0.00062492 ,399.94879999999995
0.00062285 ,398.624
0.00076556 ,489.9584
0.00011262 ,72.07679999999999
0.0005268 ,337.15200000000004
0.00063379 ,405.62559999999996
0.00034355 ,219.87199999999999
0.00039635 ,253.66400000000002
1.80996597e-05 ,11.583782208000002
5.74140611e-05 ,36.744999104
0.00012182 ,77.9648
0.00030539 ,195.4496
0.00014984 ,95.8976
0.00021449 ,137.2736
0.00053399 ,341.75360000000006
0.00057227 ,366.25280000000004
0.00022042 ,141.0688
9.59901009e-05 ,61.433664576
0.00014609 ,93.4976
0.00068645 ,439.328
0.00046704 ,298.9056
0.00062418 ,399.4752
0.00061531 ,393.7984
0.00020125 ,128.8
0.00054203 ,346.8992
0.00050968 ,326.1952
0.00062284 ,398.61760000000004
0.0004345 ,278.08
1.41276437e-05 ,9.041691968
0.00065017 ,416.10880000000003
0.00014095 ,90.20800000000001
3.09354072e-05 ,19.798660608
0.00064387 ,412.07679999999993
0.00061078 ,390.8992
0.00043865 ,280.736
0.00033748 ,215.98719999999997
0.00031715 ,202.976
0.00062053 ,397.1392
0.00027935 ,178.784
0.0004917 ,314.688
0.00077561 ,496.3904
0.00069717 ,446.18879999999996
0.00031056 ,198.7584
0.0007007 ,448.448
1.41374949e-05 ,9.047996735999998
0.00076654 ,490.5856
0.00062337 ,398.95680000000004
0.00013505 ,86.432
0.00018603 ,119.0592
2.63925377e-05 ,16.891224128
0.00074439 ,476.4096
0.00024856 ,159.0784
0.00021564 ,138.0096
0.00059912 ,383.4368
6.0502197e-05 ,38.72140608
3.1115877e-05 ,19.914161280000002
9.16947362e-05 ,58.684631168
2.12247458e-05 ,13.583837312
0.00029176 ,186.7264
8.14367554e-05 ,52.119523455999996
0.00020154 ,128.9856
0.00051909 ,332.21760000000006
0.0003944 ,252.416
0.00061475 ,393.43999999999994
0.00073435 ,469.98400000000004
0.00020528 ,131.37920000000003
0.00052505 ,336.03200000000004
0.00075614 ,483.92960000000005
0.00040072 ,256.4608
0.00057879 ,370.42560000000003
0.00060896 ,389.73439999999994
0.00070901 ,453.76640000000003
0.00046695 ,298.84799999999996
0.00050769 ,324.9216
0.00032367 ,207.1488
0.00013948 ,89.26720000000002
0.00017318 ,110.8352
0.00061402 ,392.97279999999995
0.00040249 ,257.5936
0.00026635 ,170.464
0.00025684 ,164.3776
0.00017488 ,111.92320000000001
0.00047763 ,305.6832
0.00049377 ,316.0128
0.00052048 ,333.10720000000003
0.00072606 ,464.6784
0.00064943 ,415.63519999999994
0.00027877 ,178.4128
0.00073839 ,472.5696
0.00014162 ,90.6368
0.00034168 ,218.67520000000002
0.00063702 ,407.6927999999999
0.00041035 ,262.624
1.05080517e-05 ,6.725153088000001
2.52670087e-05 ,16.170885568
0.0005416 ,346.624
0.00050802 ,325.13280000000003
0.00029015 ,185.69599999999997
0.00017776 ,113.7664
0.00057836 ,370.1504
0.0003492 ,223.48799999999997
0.00051398 ,328.9472
9.63442468e-05 ,61.660317952
0.00052728 ,337.4592
0.00051868 ,331.9552
0.00052494 ,335.9616
0.00023092 ,147.78879999999998
0.00072635 ,464.864
0.00062684 ,401.17760000000004
6.81907305e-05 ,43.642067520000005
0.00072819 ,466.0416
0.00016516 ,105.7024
0.00066866 ,427.94239999999996
0.00012568 ,80.43520000000001
0.00072146 ,461.73440000000005
0.00047751 ,305.6064
0.00074004 ,473.62559999999996
0.00052387 ,335.2768
6.88374953e-05 ,44.055996992
0.00055902 ,357.7728000000001
8.32835468e-05 ,53.301469952
0.00023054 ,147.5456
0.00051075 ,326.88
0.00038119 ,243.96160000000003
0.00076652 ,490.5728
0.00066723 ,427.0272
4.67926116e-05 ,29.947271424000004
0.00049431 ,316.35839999999996
0.00028467 ,182.1888
0.00025097 ,160.62079999999997
0.00057954 ,370.90560000000005
0.00024608 ,157.4912
0.00068663 ,439.44320000000005
0.0002244 ,143.616
0.00034467 ,220.5888
0.00057663 ,369.04319999999996
0.00024159 ,154.6176
0.00038536 ,246.6304
0.00048509 ,310.45759999999996
0.00072189 ,462.00960000000003
0.00060129 ,384.8256
0.00049998 ,319.98720000000003
0.00046221 ,295.8144
0.00039933 ,255.57119999999998
0.00077784 ,497.81759999999997
0.00036563 ,234.00319999999996
0.00014072 ,90.06079999999999
0.00041828 ,267.6992
0.00037822 ,242.0608
2.94084718e-05 ,18.821421952
5.85275716e-05 ,37.457645824000004
0.00032762 ,209.6768
0.0007123 ,455.872
0.0001372 ,87.80799999999999
0.00060137 ,384.87680000000006
0.000764 ,488.96000000000004
0.00049474 ,316.6336
0.00053902 ,344.97279999999995
5.24481459e-05 ,33.566813376
0.00036785 ,235.424
0.00068829 ,440.5056000000001
0.00014786 ,94.63040000000001
0.00044437 ,284.3968
0.0007634 ,488.57599999999996
0.00044252 ,283.2128
5.74021001e-05 ,36.737344064
0.00010156 ,64.9984
0.00043246 ,276.7744
0.00069144 ,442.5216
0.00076057 ,486.7648
0.00054454 ,348.5056
0.00073789 ,472.24960000000004
3.882816e-05 ,24.8500224
0.00077511 ,496.07039999999995
0.00042114 ,269.5296
0.00037066 ,237.2224
0.00021566 ,138.0224
0.00020956 ,134.1184
0.00041507 ,265.64480000000003
0.00020463 ,130.9632
8.01212605e-05 ,51.27760672
3.05643948e-05 ,19.561212672
0.00066009 ,422.45759999999996
0.00067364 ,431.1296
0.0006406 ,409.984
0.00072619 ,464.7616
0.00037287 ,238.63680000000002
0.00070373 ,450.3872
0.0005571 ,356.54400000000004
0.00025233 ,161.4912
0.00059971 ,383.81440000000003
0.00071338 ,456.5632
0.00056507 ,361.6448
0.00027751 ,177.6064
0.00030048 ,192.30719999999997
3.51665224e-05 ,22.506574336000003
0.00026741 ,171.14239999999998
0.00061753 ,395.2192
0.0006302 ,403.328
1.11758966e-05 ,7.152573823999999
0.00074277 ,475.37280000000004
0.00071928 ,460.3392
0.00056231 ,359.8784
0.00037284 ,238.6176
0.00047006 ,300.83840000000004
0.00035248 ,225.5872
0.00058669 ,375.48159999999996
0.0004352 ,278.528
6.66415812e-05 ,42.65061196799999
4.54613281e-06 ,2.9095249984
0.0001504 ,96.256
7.89130385e-05 ,50.50434464
0.00052379 ,335.2256
0.00025168 ,161.0752
0.00033723 ,215.82719999999998
3.78631381e-05 ,24.232408384
0.0003357 ,214.848
0.00078059 ,499.5776
7.41969855e-05 ,47.486070719999994
0.00074091 ,474.1824
1.24602808e-05 ,7.974579712
0.00076534 ,489.8176
0.00021715 ,138.976
0.00072852 ,466.2528
0.00016093 ,102.9952
0.00049688 ,318.0032
0.00020877 ,133.6128
0.00013309 ,85.17759999999998
0.00078102 ,499.8528
0.000577 ,369.28000000000003
0.00058225 ,372.64
0.00065891 ,421.7024
0.00063523 ,406.5472
0.00025175 ,161.12
0.00063623 ,407.18719999999996
0.00057725 ,369.43999999999994
0.00051921 ,332.2944
0.00012348 ,79.02720000000001
0.00071706 ,458.9184
0.00065738 ,420.7232
0.00050417 ,322.66880000000003
0.00043653 ,279.3792
0.00018176 ,116.3264
0.00068461 ,438.1504
0.00042927 ,274.7328
0.00025767 ,164.9088
0.00031747 ,203.18079999999998
0.00023294 ,149.0816
0.00045518 ,291.3152
0.00071594 ,458.2016
0.00049878 ,319.2192
0.0001181 ,75.584
0.00019598 ,125.42720000000001
0.0003623 ,231.872
0.00024053 ,153.9392
0.00014324 ,91.6736
0.0006752 ,432.12800000000004
1.76973044e-05 ,11.326274816000002
0.00060186 ,385.19039999999995
0.0003406 ,217.98399999999998
0.0003289 ,210.496
0.00074614 ,477.52959999999996
0.00054911 ,351.43039999999996
5.85084453e-05 ,37.445404992
0.00030552 ,195.5328
0.00021929 ,140.3456
0.00068141 ,436.10240000000005
8.663751e-05 ,55.4480064
0.00036129 ,231.2256
3.27757084e-05 ,20.976453376
4.88117118e-05 ,31.239495552
0.00039071 ,250.0544
0.00024935 ,159.584
0.00057949 ,370.87359999999995
0.00063027 ,403.3728
0.00014724 ,94.23360000000001
0.00073541 ,470.6624
0.00025944 ,166.04160000000002
0.00023806 ,152.3584
0.00039772 ,254.54080000000002
0.00014556 ,93.15840000000001
0.00054896 ,351.3344
0.00058162 ,372.2368
0.00059499 ,380.7936
0.00044775 ,286.56
0.00037841 ,242.18239999999997
0.000717 ,458.88
0.00053403 ,341.7792
0.00016166 ,103.4624
0.00028678 ,183.5392
0.00054799 ,350.71360000000004
0.00030274 ,193.7536
7.74859356e-05 ,49.590998784
0.00030651 ,196.1664
0.00059025 ,377.76
0.00046935 ,300.384
0.00017501 ,112.0064
0.00028633 ,183.2512
0.00034256 ,219.23839999999998
0.0003048 ,195.07199999999997
0.00043821 ,280.4544
0.00064159 ,410.6176
0.00012725 ,81.44
0.00061541 ,393.8624
0.00028179 ,180.34560000000002
0.00069182 ,442.7648
0.00077461 ,495.7504
0.00046044 ,294.6816
0.00070833 ,453.3312
0.00066145 ,423.328
0.00055118 ,352.7552
0.00032412 ,207.4368
0.00027211 ,174.15040000000002
0.00025148 ,160.94719999999998
0.00055179 ,353.1456
0.0007133 ,456.51200000000006
0.00025584 ,163.73760000000001
1.61271978e-05 ,10.321406591999999
0.00071069 ,454.8416
5.28379714e-07 ,0.33816301696
9.75880903e-05 ,62.456377792
0.00072523 ,464.1472
0.00020314 ,130.0096
0.00031516 ,201.7024
0.00031639 ,202.4896
0.00019047 ,121.9008
0.00021498 ,137.5872
0.00076606 ,490.27840000000003
0.00042574 ,272.47360000000003
0.00044636 ,285.6704
0.00044672 ,285.9008
0.00026764 ,171.2896
0.00074738 ,478.32319999999993
0.00056014 ,358.4896
0.00027624 ,176.79360000000003
2.64299734e-05 ,16.915182975999997
0.0007762 ,496.76800000000003
0.0003459 ,221.37599999999998
4.68390255e-05 ,29.976976320000006
0.00016855 ,107.872
0.00019671 ,125.89439999999999
0.00015261 ,97.6704
0.00016115 ,103.136
0.00016192 ,103.62880000000001
0.00059048 ,377.9072
6.46588042e-06 ,4.1381634688
0.00050548 ,323.5072
0.0005877 ,376.128
7.53637161e-05 ,48.23277830399999
0.00019421 ,124.2944
0.00057142 ,365.7088
0.00037075 ,237.27999999999997
6.14934534e-05 ,39.355810176
0.0003242 ,207.48800000000003
0.00031803 ,203.53920000000002
0.00022203 ,142.0992
0.00018532 ,118.60479999999998
0.00077572 ,496.46080000000006
0.00051152 ,327.3728
0.00040619 ,259.9616
0.00039556 ,253.15839999999997
0.00048519 ,310.5216
0.00018463 ,118.16319999999999
0.00057712 ,369.35679999999996
0.00013128 ,84.01920000000001
8.10415104e-06 ,5.1866566656
0.00013738 ,87.92320000000001
0.00016599 ,106.2336
0.00016475 ,105.43999999999998
0.00077663 ,497.0432
0.00016897 ,108.14080000000001
0.00074475 ,476.64
0.0004223 ,270.272
3.09655057e-05 ,19.817923648
0.00015776 ,100.96640000000001
0.00059954 ,383.7056
0.00067252 ,430.4128
0.00046586 ,298.1504
0.00022336 ,142.9504
0.00066555 ,425.952
0.00028557 ,182.76480000000004
0.00026645 ,170.52800000000002
0.00045148 ,288.9472
1.51015801e-05 ,9.665011264
0.00073123 ,467.98720000000003
0.00033536 ,214.6304
0.0005355 ,342.71999999999997
0.00056592 ,362.1888
0.00012754 ,81.62559999999999
0.00042141 ,269.7024
0.00027982 ,179.0848
0.00010341 ,66.1824
8.37820467e-05 ,53.620509888
0.00017268 ,110.5152
0.00050707 ,324.5248
0.00040106 ,256.6784
0.00012613 ,80.72319999999999
1.32440194e-05 ,8.476172416
0.00020115 ,128.73600000000002
0.00068847 ,440.62080000000003
0.00019722 ,126.2208
0.00075295 ,481.8879999999999
0.00077417 ,495.4688
0.00037116 ,237.5424
3.16953147e-05 ,20.285001408
0.00028582 ,182.9248
0.00016574 ,106.0736
0.00027523 ,176.14720000000003
0.00037186 ,237.99040000000002
0.00036298 ,232.30720000000002
0.00062546 ,400.2944
0.00070499 ,451.1936
6.52081141e-05 ,41.733193024
0.00074421 ,476.2944
0.00060815 ,389.216
4.51906529e-05 ,28.922017856000004
0.00036851 ,235.84640000000002
2.1742148e-05 ,13.914974720000002
0.00056793 ,363.47520000000003
0.00023792 ,152.2688
0.0001907 ,122.048
0.00014309 ,91.57759999999999
0.00022758 ,145.65120000000002
0.00021556 ,137.9584
0.00051679 ,330.7456000000001
0.00052093 ,333.3952
0.00075012 ,480.07679999999993
0.00071388 ,456.8832
0.000569 ,364.15999999999997
0.00010051 ,64.3264
0.0003682 ,235.64800000000002
0.00040865 ,261.53599999999994
0.00039785 ,254.624
0.00025963 ,166.16320000000002
0.00016458 ,105.3312
0.00063212 ,404.5568
0.00062641 ,400.9024
0.0001108 ,70.91199999999999
0.00043221 ,276.6144
0.00045374 ,290.3936
0.00071106 ,455.0784
0.0002679 ,171.45600000000002
0.00069732 ,446.28479999999996
0.00040768 ,260.91519999999997
0.00014162 ,90.6368
0.00035524 ,227.3536
0.00051166 ,327.4624
0.000479 ,306.56
0.00012811 ,81.9904
0.00014882 ,95.2448
0.00052779 ,337.7856
0.00029038 ,185.84320000000002
0.00021097 ,135.0208
0.00073945 ,473.24800000000005
7.6559241e-05 ,48.99791424
0.00033763 ,216.08319999999998
2.7240515e-05 ,17.4339296
0.00072969 ,467.00159999999994
0.00016363 ,104.72319999999999
0.00052285 ,334.624
0.00047729 ,305.4656
0.00022244 ,142.3616
0.00048383 ,309.6512
0.00034884 ,223.2576
0.00012027 ,76.9728
0.00077604 ,496.6656
4.97484506e-05 ,31.839008384
0.000489 ,312.96
4.18273766e-05 ,26.769521024
0.00038879 ,248.8256
0.00068802 ,440.33279999999996
0.00066255 ,424.03200000000004
0.00067137 ,429.6768
0.00029251 ,187.2064
3.89069429e-05 ,24.900443455999998
0.0002441 ,156.224
0.00049926 ,319.52639999999997
0.00066427 ,425.13280000000003
0.00051627 ,330.4128
0.00050181 ,321.1584
0.00019306 ,123.5584
0.00018481 ,118.27839999999998
0.00033595 ,215.008
0.00016451 ,105.28640000000001
0.00023804 ,152.3456
0.00025312 ,161.9968
0.00018681 ,119.5584
0.0007795 ,498.88000000000005
0.00020491 ,131.14239999999998
0.00046935 ,300.384
0.00063273 ,404.9472
8.77371183e-05 ,56.151755711999996
6.75612902e-05 ,43.239225728
0.00033234 ,212.69759999999997
9.18738679e-05 ,58.799275456000004
0.00059216 ,378.9824
0.00057516 ,368.1024
0.0001399 ,89.53600000000002
0.00023222 ,148.62079999999997
0.00015633 ,100.0512
3.01900426e-05 ,19.321627264
4.47420228e-05 ,28.634894592
0.00054675 ,349.9200000000001
0.00018799 ,120.3136
0.00012116 ,77.5424
0.00033728 ,215.85920000000002
0.00021509 ,137.6576
0.00061797 ,395.5008
0.00026103 ,167.05919999999998
0.00077187 ,493.9968
0.00030306 ,193.95839999999998
0.00065203 ,417.2992
0.00030892 ,197.70880000000002
0.0004079 ,261.056
0.00037568 ,240.43519999999998
0.00035298 ,225.90720000000002
3.17940947e-08 ,0.020348220607999998
8.96578127e-05 ,57.381000128000004
8.01103582e-05 ,51.270629248000006
0.00026708 ,170.9312
0.00065413 ,418.6432
0.0005902 ,377.72800000000007
4.8094608e-05 ,30.780549119999996
0.00076901 ,492.16639999999995
0.0006025 ,385.59999999999997
0.00055898 ,357.7472
0.00022778 ,145.7792
0.00024926 ,159.5264
2.06333063e-05 ,13.205316031999999
0.00072681 ,465.15840000000003
7.01576666e-05 ,44.900906624
0.00035715 ,228.57599999999996
0.00022266 ,142.50240000000002
0.00059411 ,380.23040000000003
0.0002048 ,131.072
0.00013286 ,85.0304
1.30405315e-05 ,8.34594016
0.00055212 ,353.3568
0.00053073 ,339.66720000000004
0.00018423 ,117.90719999999999
0.00065558 ,419.57120000000003
0.00048838 ,312.5632
0.0004108 ,262.912
3.51794706e-05 ,22.514861183999997
0.00076967 ,492.5888
6.01036745e-05 ,38.466351679999995
0.00061288 ,392.2432
0.00045403 ,290.5792
0.00057533 ,368.2112
0.00010041 ,64.2624
0.00050195 ,321.248
0.00038462 ,246.1568
0.00074488 ,476.7232
0.00070943 ,454.03520000000003
0.0006959 ,445.376
0.00072858 ,466.2912
0.00017333 ,110.93119999999999
0.00055056 ,352.35839999999996
5.58909634e-05 ,35.770216576
0.00053984 ,345.4976
0.0006651 ,425.66399999999993
0.00066313 ,424.40319999999997
0.00073616 ,471.1424
0.00015665 ,100.256
0.00014388 ,92.0832
0.00015109 ,96.6976
0.00032803 ,209.9392
0.00010612 ,67.9168
0.00014695 ,94.048
0.00067495 ,431.968
0.00063357 ,405.48479999999995
0.00059227 ,379.0528
0.00029859 ,191.0976
0.0002437 ,155.968
6.83408393e-05 ,43.738137152
0.00042967 ,274.98879999999997
0.00023673 ,151.5072
0.00037483 ,239.8912
0.00071305 ,456.352
0.00023844 ,152.60160000000002
0.00029706 ,190.1184
0.00024053 ,153.9392
0.0002912 ,186.36799999999997
0.00067561 ,432.3904
0.00035539 ,227.44960000000003
0.00029993 ,191.95520000000002
0.00033302 ,213.13279999999997
0.00070654 ,452.18559999999997
0.00039413 ,252.24320000000003
0.00073785 ,472.224
0.00054576 ,349.28639999999996
0.00077876 ,498.4064
0.00034445 ,220.44799999999998
0.00022692 ,145.2288
0.00034956 ,223.71839999999997
0.00059949 ,383.6736000000001
0.00040063 ,256.4032
0.00047183 ,301.9712
0.00058264 ,372.88960000000003
0.00038222 ,244.6208
0.00065646 ,420.13439999999997
0.00013433 ,85.97120000000001
0.00052067 ,333.2288
0.00044017 ,281.7088
7.78514723e-05 ,49.824942272
0.00025812 ,165.19679999999997
0.00063829 ,408.5056
0.00077654 ,496.9856
0.00037309 ,238.7776
0.00043955 ,281.312
6.68064563e-05 ,42.75613203200001
0.00037088 ,237.36320000000003
0.00019757 ,126.4448
7.12804631e-05 ,45.619496384
3.33696525e-05 ,21.3565776
0.00031802 ,203.5328
0.00057199 ,366.0736
0.00020294 ,129.8816
0.00046778 ,299.37919999999997
3.4251092e-05 ,21.920698879999996
0.00032572 ,208.4608
0.00013887 ,88.8768
0.00014698 ,94.0672
0.00010991 ,70.3424
8.24495229e-06 ,5.276769465599999
0.00036009 ,230.45759999999999
0.00061004 ,390.4255999999999
0.00053325 ,341.28
4.43690252e-05 ,28.396176128
0.00042858 ,274.2912
0.00057164 ,365.8496
4.2481225e-05 ,27.187984
0.0007556 ,483.58400000000006
0.00044173 ,282.7072
0.0001625 ,104.0
0.00029157 ,186.6048
0.00028623 ,183.1872
0.00029199 ,186.8736
4.50539797e-05 ,28.834547008
5.44194219e-05 ,34.828430016
0.00048536 ,310.6304
0.00048111 ,307.9104
0.00071744 ,459.16159999999996
0.00060903 ,389.77919999999995
0.00052382 ,335.24480000000005
0.00018838 ,120.56320000000001
0.0005948 ,380.672
5.95668313e-06 ,3.8122772032
0.00029841 ,190.9824
0.00026437 ,169.1968
0.00025569 ,163.64159999999998
0.00037251 ,238.40640000000002
0.00032525 ,208.16000000000003
0.00036456 ,233.3184
0.00034438 ,220.40319999999997
0.00068352 ,437.4527999999999
0.00078082 ,499.72479999999996
0.00026117 ,167.1488
0.00038765 ,248.096
0.00037824 ,242.0736
0.00067835 ,434.144
0.00038179 ,244.34560000000002
0.0003848 ,246.272
0.00069131 ,442.4384
0.00038957 ,249.32479999999998
0.00035835 ,229.344
0.00019836 ,126.95039999999999
0.00017592 ,112.58880000000002
0.00052188 ,334.0032
0.0005989 ,383.296
0.00033825 ,216.48
0.00034019 ,217.7216
0.00037912 ,242.6368
0.0003531 ,225.984
0.00036654 ,234.5856
0.00044152 ,282.5728
0.00024319 ,155.6416
0.00061641 ,394.5024
0.00053003 ,339.2192
0.00010073 ,64.4672
3.87260195e-05 ,24.78465248
0.00072504 ,464.0256
0.00040732 ,260.6848
0.00049278 ,315.37919999999997
0.00023094 ,147.8016
0.00011557 ,73.9648
0.00050983 ,326.2912
0.00030749 ,196.7936
0.00046898 ,300.1472
0.00031599 ,202.2336
0.0005415 ,346.56
0.00036446 ,233.2544
0.00032039 ,205.0496
0.00053167 ,340.26880000000006
0.00020078 ,128.4992
0.00034945 ,223.648
0.00047933 ,306.77119999999996
0.00014185 ,90.784
0.00066191 ,423.62239999999997
0.00014678 ,93.9392
0.00018674 ,119.5136
0.000449 ,287.36
0.00051337 ,328.5568
0.00072261 ,462.47040000000004
0.00067967 ,434.98879999999997
0.00044894 ,287.3216
0.00060027 ,384.1728
5.65276813e-05 ,36.177716032
6.64388234e-06 ,4.2520846976
0.00044831 ,286.9184
0.0005987 ,383.168
0.00035404 ,226.5856
9.61275241e-05 ,61.521615424000004
0.00032631 ,208.83839999999998
0.00053972 ,345.42080000000004
0.0003171 ,202.944
0.00064117 ,410.3488
2.04052159e-05 ,13.059338176
5.40579697e-05 ,34.597100608
1.02477715e-06 ,0.6558573759999999
9.12651255e-05 ,58.40968032
0.00077989 ,499.1296
0.0006635 ,424.64
1.62775173e-05 ,10.417611072
0.00022319 ,142.8416
0.00067276 ,430.56640000000004
0.00056791 ,363.4624
0.00033441 ,214.0224
0.000439 ,280.96
0.00074549 ,477.1136
0.00026763 ,171.2832
0.00014861 ,95.1104
0.00044507 ,284.84479999999996
0.00047094 ,301.4016
0.00044855 ,287.072
0.00072197 ,462.0608
4.76168797e-05 ,30.474803008
0.00030964 ,198.1696
7.29729811e-05 ,46.702707904
0.00017502 ,112.01279999999998
0.00043498 ,278.3872
0.00010124 ,64.7936
4.81881144e-05 ,30.840393215999995
0.00035876 ,229.6064
9.16014106e-05 ,58.624902784
0.00019256 ,123.23840000000001
0.00037475 ,239.83999999999997
0.00077956 ,498.9184
0.00062658 ,401.0111999999999
0.00031202 ,199.69279999999998
0.00031041 ,198.66240000000002
0.00039141 ,250.50240000000002
0.00035875 ,229.60000000000002
0.00053166 ,340.2624
0.00020561 ,131.59040000000002
0.00054044 ,345.88160000000005
0.00038534 ,246.6176
0.00027118 ,173.55519999999999
0.00048646 ,311.33439999999996
0.0006836 ,437.504
0.00021513 ,137.6832
0.00048851 ,312.6464
0.00059031 ,377.7984
0.00019549 ,125.11359999999999
0.00052265 ,334.49600000000004
0.00061661 ,394.6304
0.00054907 ,351.4048
0.00030758 ,196.8512
0.00011197 ,71.6608
0.00077969 ,499.0016
6.59100544e-05 ,42.182434816
0.00011248 ,71.9872
6.40390243e-05 ,40.984975551999995
0.00063798 ,408.30719999999997
1.06291318e-06 ,0.6802644351999999
0.00044715 ,286.176
0.00010869 ,69.5616
2.86261547e-05 ,18.320739008
0.00022494 ,143.9616
0.0003807 ,243.648
0.00017106 ,109.47840000000001
0.00076318 ,488.4352
0.00062195 ,398.048
0.00024143 ,154.5152
0.00055457 ,354.9248
0.00074419 ,476.2816
0.00058333 ,373.33119999999997
0.00045489 ,291.1296
0.00069605 ,445.47200000000004
7.99394273e-05 ,51.161233472000006
0.0002199 ,140.73600000000002
0.00067326 ,430.8864
0.00045 ,288.0
0.00022936 ,146.7904
0.00071304 ,456.3456
0.00053585 ,342.944
3.60771814e-05 ,23.089396096
0.00052324 ,334.8736
0.00077158 ,493.81120000000004
0.00023856 ,152.6784
0.00059024 ,377.7536
0.00016107 ,103.0848
0.00033506 ,214.43839999999997
0.00038398 ,245.74720000000002
0.00063833 ,408.53119999999996
0.0005389 ,344.896
0.00045416 ,290.6624
0.00041748 ,267.1872
0.00049697 ,318.06080000000003
0.00043894 ,280.9216
0.00072041 ,461.0624
0.00027078 ,173.29919999999998
0.00042645 ,272.928
0.00021459 ,137.3376
0.0006 ,384.0
0.00050458 ,322.9312
0.00024927 ,159.5328
0.00041056 ,262.75840000000005
0.0006881 ,440.38399999999996
0.00025656 ,164.1984
0.00059708 ,382.13120000000004
0.00033515 ,214.496
0.00070074 ,448.47360000000003
0.00053525 ,342.56
0.00058 ,371.2
5.22615891e-05 ,33.447417024
0.00039358 ,251.8912
0.00070362 ,450.31679999999994
3.61933419e-05 ,23.163738816000002
0.00057103 ,365.4592
0.00049919 ,319.4816
0.00049663 ,317.84319999999997
0.00023041 ,147.4624
0.00050468 ,322.9952
0.00058273 ,372.94720000000007
0.0005455 ,349.12
0.00052719 ,337.4016
0.00058188 ,372.40319999999997
0.00071838 ,459.7632
0.00064562 ,413.1968
0.00048168 ,308.2752
0.00077213 ,494.16319999999996
5.97445357e-05 ,38.236502848
0.00070917 ,453.86879999999996
0.000238 ,152.32000000000002
0.00021629 ,138.4256
0.00035344 ,226.20159999999998
0.00023778 ,152.17919999999998
0.00055668 ,356.27520000000004
8.41313355e-06 ,5.384405472
0.00051805 ,331.552
0.00074436 ,476.3904
0.00050716 ,324.58239999999995
0.00028284 ,181.01760000000002
0.00064372 ,411.9808
0.00033652 ,215.37279999999998
0.00063759 ,408.0576000000001
0.00011831 ,75.7184
0.00051088 ,326.96320000000003
4.07041588e-05 ,26.050661632
0.00031594 ,202.20159999999998
0.00069284 ,443.4176
0.00064494 ,412.7616
0.00051917 ,332.2688
0.00031198 ,199.66719999999998
0.00024066 ,154.0224
8.26896091e-05 ,52.921349824
0.00016576 ,106.08640000000001
0.00025093 ,160.59519999999998
0.00019864 ,127.12960000000001
0.00058666 ,375.46240000000006
0.00077212 ,494.1568
0.0006072 ,388.60799999999995
0.0006737 ,431.168
0.0006274 ,401.53599999999994
0.00066246 ,423.97440000000006
0.00070141 ,448.9024
0.0005117 ,327.48800000000006
0.00038999 ,249.5936
0.00027984 ,179.0976
0.00011847 ,75.82079999999999
0.00044009 ,281.6576
0.0003104 ,198.656
0.00051152 ,327.3728
0.00010385 ,66.464
0.00072312 ,462.79679999999996
0.00066218 ,423.7952
0.00010127 ,64.8128
2.81112626e-05 ,17.991208064
9.02271167e-05 ,57.745354688
0.0005142 ,329.08799999999997
0.00015808 ,101.1712
0.00056839 ,363.76959999999997
0.00034972 ,223.8208
0.00076534 ,489.8176
0.0001113 ,71.232
0.0004286 ,274.30400000000003
0.00074402 ,476.1728
0.00036422 ,233.1008
0.00020018 ,128.1152
0.00038152 ,244.1728
0.00062735 ,401.504
0.00020447 ,130.86079999999998
0.0006561 ,419.90399999999994
0.00043645 ,279.328
9.32779647e-05 ,59.697897407999996
0.00055751 ,356.80639999999994
0.00015685 ,100.38399999999999
0.00058175 ,372.32
0.00064853 ,415.05920000000003
0.00055673 ,356.30719999999997
0.00027116 ,173.54240000000001
0.00077227 ,494.2528
0.00068646 ,439.33439999999996
0.0005764 ,368.896
0.00076646 ,490.53439999999995
0.00064657 ,413.8048
0.00012255 ,78.43199999999999
0.00052412 ,335.4368
0.00051618 ,330.35519999999997
0.00027413 ,175.4432
3.7849889e-05 ,24.223928960000002
0.00060881 ,389.6384
6.45997633e-05 ,41.343848512
0.00027426 ,175.5264
0.00030146 ,192.93439999999998
0.00049127 ,314.4128
0.00066788 ,427.44320000000005
0.00016806 ,107.55839999999999
0.0003589 ,229.696
0.00020163 ,129.0432
7.08775492e-05 ,45.361631488
2.56341165e-05 ,16.405834560000002
0.00016109 ,103.09759999999999
0.00024604 ,157.4656
0.00067162 ,429.83680000000004
0.00012734 ,81.4976
0.00077108 ,493.49120000000005
0.0002543 ,162.752
0.00070731 ,452.6784
0.00071772 ,459.3408
0.00011117 ,71.1488
0.00035525 ,227.36
0.00013597 ,87.02079999999998
0.00073103 ,467.85920000000004
0.00075447 ,482.86080000000004
0.0001376 ,88.064
0.00066481 ,425.4784
1.69016487e-05 ,10.817055168
0.00077364 ,495.1296
0.00033644 ,215.32160000000002
0.00022367 ,143.1488
0.00024494 ,156.76160000000002
6.91502304e-05 ,44.256147456
5.65782447e-05 ,36.210076608
0.00032481 ,207.8784
0.00015402 ,98.5728
4.98153132e-05 ,31.881800448
0.00033014 ,211.2896
0.00060396 ,386.53439999999995
0.00018855 ,120.672
0.00051153 ,327.37919999999997
0.00060942 ,390.0288
0.00034795 ,222.688
0.00071742 ,459.14879999999994
0.00037702 ,241.29279999999997
0.00023889 ,152.8896
0.00020779 ,132.98559999999998
0.00045943 ,294.03520000000003
0.00022032 ,141.00480000000002
0.00010384 ,66.4576
0.00044401 ,284.1664
0.00016737 ,107.1168
0.00056083 ,358.93120000000005
0.00065266 ,417.7024
0.00038861 ,248.7104
0.0002186 ,139.904
0.00013991 ,89.5424
1.26611115e-05 ,8.10311136
0.00040384 ,258.45759999999996
2.52297364e-05 ,16.147031296
6.7730128e-05 ,43.34728192
0.00034666 ,221.86239999999998
0.00011771 ,75.3344
4.37345487e-05 ,27.990111168
0.00071258 ,456.0512
0.00056965 ,364.576
0.00062889 ,402.4896
0.00028539 ,182.6496
0.00033888 ,216.88320000000002
0.00012112 ,77.5168
0.00062244 ,398.3616
0.00053099 ,339.8336
0.00039558 ,253.1712
0.00071491 ,457.54240000000004
0.00052646 ,336.9344
0.00042255 ,270.432
0.00053506 ,342.4384
0.00074996 ,479.97440000000006
0.00073062 ,467.5968
0.00023917 ,153.0688
0.0001302 ,83.32799999999999
0.00057507 ,368.0448
0.00071574 ,458.07359999999994
0.00075698 ,484.4672
0.00043629 ,279.2256
0.00049291 ,315.46240000000006
0.00011114 ,71.1296
0.00034696 ,222.0544
0.0006313 ,404.032
0.00016695 ,106.84799999999998
0.00037482 ,239.88479999999998
0.00069386 ,444.0704
8.56151769e-05 ,54.793713216
0.0001801 ,115.26399999999998
0.00059543 ,381.0752
0.00026344 ,168.60160000000002
0.00033795 ,216.288
0.00054557 ,349.1648
0.00020566 ,131.6224
3.10278531e-05 ,19.857825983999998
0.00012115 ,77.536
0.00039099 ,250.2336
0.00063055 ,403.552
0.00010336 ,66.15039999999999
0.00045349 ,290.2336
0.00036171 ,231.4944
0.00015161 ,97.0304
0.0004187 ,267.96799999999996
0.00041052 ,262.7328
0.00030291 ,193.8624
9.1545952e-06 ,5.858940928000001
0.00067097 ,429.4208
0.00065484 ,419.0976
0.00026515 ,169.696
0.00037742 ,241.54879999999997
0.00029367 ,187.9488
0.00041214 ,263.7696
0.00026634 ,170.4576
0.00037248 ,238.3872
0.00070258 ,449.6512
0.00042902 ,274.57280000000003
0.00054151 ,346.56640000000004
2.52242319e-05 ,16.143508416
0.00031494 ,201.5616
0.00041457 ,265.3248
0.00036341 ,232.5824
0.00072214 ,462.1696
0.00042613 ,272.7232
0.00015953 ,102.0992
0.00016823 ,107.66720000000001
0.00020995 ,134.368
0.00075817 ,485.2288
0.00044787 ,286.6368
0.00016922 ,108.30080000000001
0.00010348 ,66.2272
7.03026129e-05 ,44.993672256
0.00032906 ,210.59840000000003
9.01549503e-05 ,57.699168192
0.00039548 ,253.1072
8.8419124e-06 ,5.658823936
0.00012029 ,76.9856
0.00073223 ,468.62719999999996
0.00039397 ,252.14079999999998
0.00029512 ,188.8768
0.00024698 ,158.0672
0.00069132 ,442.44480000000004
0.00067423 ,431.5072
0.00018035 ,115.42399999999999
0.00010149 ,64.95360000000001
0.00023003 ,147.2192
0.00015406 ,98.5984
0.00035228 ,225.45919999999998
0.00067481 ,431.8784
0.00022335 ,142.94400000000002
0.00036887 ,236.0768
0.00019463 ,124.5632
0.00028465 ,182.17600000000002
0.00066306 ,424.35839999999996
0.0005861 ,375.104
0.00054628 ,349.6192
0.00062418 ,399.4752
0.00071358 ,456.6912
0.00052024 ,332.95360000000005
0.00064868 ,415.15520000000004
0.00039154 ,250.5856
0.00043734 ,279.8976
0.0006692 ,428.288
0.00035851 ,229.44639999999998
0.00069265 ,443.296
0.00068917 ,441.0688
0.00075256 ,481.6384
8.77584174e-05 ,56.165387136
0.00018585 ,118.94399999999999
0.00023968 ,153.3952
4.9590482e-06 ,3.173790848
0.00058458 ,374.1312
0.00022904 ,146.5856
0.00032855 ,210.272
0.00043548 ,278.7072
6.01517153e-05 ,38.497097792
0.00020665 ,132.256
0.00016013 ,102.4832
0.00055058 ,352.3712
0.00047153 ,301.7792
0.00057142 ,365.7088
0.0004796 ,306.944
0.00065532 ,419.4048
0.00045919 ,293.8816
0.00034266 ,219.3024
0.00065359 ,418.2976
0.00020199 ,129.2736
0.00069854 ,447.06559999999996
0.00016683 ,106.77120000000001
0.00014447 ,92.4608
0.00044747 ,286.38079999999997
0.00022175 ,141.92000000000002
0.00027644 ,176.92159999999998
0.00068513 ,438.4832
0.00019796 ,126.6944
0.00015468 ,98.99520000000001
7.60871687e-05 ,48.695787968000005
0.00075052 ,480.33279999999996
0.00018673 ,119.50720000000001
0.00029466 ,188.58239999999998
3.08620691e-05 ,19.751724223999997
0.00066786 ,427.4304
0.00062169 ,397.88160000000005
0.00075063 ,480.40319999999997
0.00013578 ,86.89920000000001
8.74880943e-05 ,55.992380352
0.00024147 ,154.5408
0.00032284 ,206.6176
0.00073388 ,469.6832
0.0006013 ,384.83200000000005
5.85296241e-05 ,37.458959424
0.00038253 ,244.81920000000002
0.00073066 ,467.62239999999997
0.00012204 ,78.10560000000001
1.70099535e-05 ,10.886370240000002
0.00015781 ,100.9984
0.00055643 ,356.11519999999996
0.00074727 ,478.2528
0.0005123 ,327.87200000000007
0.00011476 ,73.4464
0.00033632 ,215.24479999999997
0.00060512 ,387.2768
0.00055518 ,355.3152
0.00069288 ,443.44319999999993
0.00068298 ,437.10720000000003
0.00057059 ,365.17760000000004
0.00068274 ,436.9536
0.00068502 ,438.41280000000006
0.00056617 ,362.3488
0.00011431 ,73.1584
0.00033664 ,215.4496
0.00051138 ,327.28319999999997
0.00072941 ,466.8224
7.25059706e-05 ,46.403821183999995
0.00016008 ,102.4512
0.00074035 ,473.82399999999996
0.00018385 ,117.66399999999999
0.0004073 ,260.672
0.00072936 ,466.7904
0.00058913 ,377.0432
0.00068185 ,436.384
0.00023405 ,149.792
0.00060621 ,387.9744
0.00040986 ,262.3104
0.00020351 ,130.2464
0.0005192 ,332.288
0.00031376 ,200.8064
0.00026991 ,172.74239999999998
0.0001221 ,78.144
0.00067529 ,432.1856
0.0001442 ,92.288
0.00072241 ,462.3424
0.00014679 ,93.9456
9.95928422e-05 ,63.739419008
0.00032202 ,206.0928
0.0005961 ,381.50399999999996
0.00029848 ,191.02720000000002
6.41947654e-05 ,41.084649856000006
0.00049434 ,316.37760000000003
8.08786077e-05 ,51.762308928
0.00055942 ,358.02880000000005
0.00052227 ,334.2528
0.0001734 ,110.97600000000001
0.0002541 ,162.624
0.00065859 ,421.49760000000003
0.00076295 ,488.288
8.55935536e-05 ,54.779874303999996
0.00039748 ,254.3872
0.00027326 ,174.8864
0.00013522 ,86.5408
0.00060221 ,385.4144
0.00032955 ,210.912
2.14803649e-05 ,13.747433535999999
0.00016775 ,107.36000000000001
1.4397987e-05 ,9.214711679999999
0.00017675 ,113.11999999999999
0.00031128 ,199.2192
0.00016765 ,107.29600000000002
0.00035438 ,226.8032
0.00034988 ,223.9232
0.00012579 ,80.50560000000002
0.00042765 ,273.696
0.00010725 ,68.64
0.00042684 ,273.1776
0.00061782 ,395.4048
0.00049825 ,318.88
0.00056119 ,359.1616
0.00046005 ,294.432
0.00039676 ,253.9264
1.38374246e-06 ,0.8855951744
0.00061328 ,392.49920000000003
4.2400961e-05 ,27.136615040000002
0.00070206 ,449.3184
0.00024812 ,158.79680000000002
9.53783866e-06 ,6.104216742399999
0.000299 ,191.35999999999999
2.23153654e-05 ,14.281833856000002
0.00032565 ,208.416
0.00063798 ,408.30719999999997
0.0004936 ,315.904
0.00058575 ,374.88
6.28294972e-05 ,40.21087820799999
0.00064012 ,409.6768
0.00056171 ,359.4943999999999
0.00065163 ,417.0432
0.00049562 ,317.1968
0.00063757 ,408.0448
0.00037446 ,239.6544
0.00026057 ,166.7648
0.00010025 ,64.16
0.00039657 ,253.80480000000003
8.65925601e-05 ,55.419238464
0.00017405 ,111.39200000000001
1.73685089e-06 ,1.1115845696
0.00016574 ,106.0736
0.00040687 ,260.3968
0.00021961 ,140.5504
0.0007588 ,485.632
0.00020337 ,130.1568
0.00038086 ,243.7504
7.4872651e-05 ,47.91849664
7.4407978e-05 ,47.62110592
0.00063108 ,403.89119999999997
3.68207631e-05 ,23.565288384
0.00029478 ,188.65920000000003
0.00047953 ,306.8992
0.00048181 ,308.3584
0.00057382 ,367.2448
0.00021052 ,134.7328
0.000679 ,434.56000000000006
0.00043415 ,277.856
0.00063357 ,405.48479999999995
0.00075292 ,481.8688
0.00037555 ,240.352
0.00050744 ,324.7616
0.00028229 ,180.66559999999998
0.00031436 ,201.1904
0.00068325 ,437.28000000000003
0.00019307 ,123.56479999999999
0.00071599 ,458.2336
0.00030013 ,192.0832
0.00036965 ,236.57600000000002
0.00052554 ,336.3456
0.00037274 ,238.55359999999996
0.00024393 ,156.11520000000002
0.00015251 ,97.60639999999998
0.00070422 ,450.70079999999996
4.49789984e-06 ,2.8786558976
6.82080362e-05 ,43.653143168
0.0003191 ,204.224
0.00011758 ,75.2512
0.00071001 ,454.40639999999996
0.0006273 ,401.472
0.00018756 ,120.0384
0.00059357 ,379.8847999999999
0.00024993 ,159.9552
0.00053136 ,340.07040000000006
0.00074111 ,474.3104
0.00075054 ,480.3456
0.00074717 ,478.1888
0.0005555 ,355.52
0.0004352 ,278.528
0.0004927 ,315.328
0.0002566 ,164.224
0.00014703 ,94.0992
0.00041098 ,263.0272
0.00065006 ,416.0384
0.00064356 ,411.8784
0.00067486 ,431.9104
0.00045674 ,292.3136
0.00017475 ,111.83999999999999
0.00039586 ,253.35039999999998
0.0004756 ,304.384
0.00072496 ,463.97439999999995
0.0004157 ,266.048
0.00069127 ,442.41280000000006
0.00029988 ,191.92319999999998
0.00031943 ,204.4352
0.00047995 ,307.168
0.00073825 ,472.47999999999996
0.00075998 ,486.38720000000006
0.00062567 ,400.4288
0.00076979 ,492.6656
0.00027041 ,173.0624
0.00030156 ,192.9984
0.00070379 ,450.42560000000003
0.00071135 ,455.264
0.00015431 ,98.7584
0.00069096 ,442.2144
0.00040567 ,259.6288
0.00040416 ,258.6624
0.00038784 ,248.21759999999998
0.00014784 ,94.6176
0.00056188 ,359.60319999999996
0.00041595 ,266.20799999999997
0.00039373 ,251.98720000000003
0.00028079 ,179.7056
0.00051044 ,326.6816
0.0004303 ,275.392
0.00012824 ,82.0736
0.00052105 ,333.472
0.0005031 ,321.984
0.00012983 ,83.0912
0.00071008 ,454.4512
0.00069922 ,447.50079999999997
0.00013043 ,83.47520000000002
0.00075291 ,481.8624
0.00054069 ,346.0416
0.00044081 ,282.1184
3.91528643e-05 ,25.057833152
0.00066921 ,428.29440000000005
0.00016538 ,105.8432
0.00038159 ,244.2176
0.00024739 ,158.3296
0.00063204 ,404.5056
0.00050899 ,325.75359999999995
0.00065694 ,420.4416
0.00029256 ,187.23839999999998
0.00063994 ,409.5616
0.00012872 ,82.3808
0.00048472 ,310.2208
0.0004392 ,281.08799999999997
3.35404823e-05 ,21.465908672
0.00068926 ,441.1264
0.00022432 ,143.5648
0.0003396 ,217.344
0.00076013 ,486.48320000000007
0.00070554 ,451.54560000000004
0.00020728 ,132.6592
0.00039544 ,253.0816
0.00071535 ,457.824
0.00045479 ,291.0656
0.00048565 ,310.81600000000003
0.00062695 ,401.248
0.0004505 ,288.32
0.00056304 ,360.3456
0.00044942 ,287.6288
0.00043083 ,275.7312
0.00032767 ,209.7088
0.00053094 ,339.80160000000006
0.00076148 ,487.34720000000004
0.00049791 ,318.6624
0.0002865 ,183.36
3.99651526e-05 ,25.577697664
0.00024432 ,156.3648
0.00064476 ,412.64639999999997
0.00016972 ,108.62079999999999
0.00038585 ,246.944
2.89537728e-06 ,1.8530414592
0.0002495 ,159.68
0.00066687 ,426.79679999999996
0.00033522 ,214.54080000000002
0.00052024 ,332.95360000000005
0.00012205 ,78.112
2.73873876e-06 ,1.7527928064
0.0005162 ,330.368
0.00025669 ,164.28160000000003
0.00059334 ,379.73760000000004
0.00044083 ,282.1312
0.00034806 ,222.75840000000002
5.18871953e-05 ,33.207804992
7.38097467e-05 ,47.23823788800001
0.00032942 ,210.8288
0.00045294 ,289.8816
0.00030798 ,197.10720000000003
0.00042057 ,269.1648
0.00037692 ,241.22879999999998
0.0006823 ,436.672
0.00037099 ,237.4336
0.00011214 ,71.7696
8.15311892e-05 ,52.179961088000006
0.00037029 ,236.9856
0.00050734 ,324.6976
0.00021671 ,138.6944
0.00037663 ,241.04319999999998
0.00048683 ,311.5712
0.00050996 ,326.3744
0.00063638 ,407.28319999999997
7.07795727e-05 ,45.298926527999996
0.00031883 ,204.0512
0.00016304 ,104.34560000000002
0.00047761 ,305.6704
0.00046198 ,295.6672
0.00075326 ,482.08639999999997
0.00065137 ,416.8768
0.00066312 ,424.39680000000004
0.00073558 ,470.7712
0.00054938 ,351.6032
0.00020019 ,128.1216
0.00043063 ,275.6032
0.00074285 ,475.424
0.00057596 ,368.61440000000005
0.00031063 ,198.8032
0.00026929 ,172.3456
6.48350682e-05 ,41.494443648
0.00032524 ,208.1536
0.00054398 ,348.1472
0.00024448 ,156.4672
0.00068717 ,439.7888
6.42909908e-05 ,41.146234112
0.00069325 ,443.67999999999995
0.0003945 ,252.48000000000002
0.00052578 ,336.49920000000003
0.00078057 ,499.5648
0.00073822 ,472.46080000000006
0.00027052 ,173.13279999999997
0.00022127 ,141.6128
0.00053473 ,342.2271999999999
3.81108628e-05 ,24.390952192
0.00074784 ,478.61760000000004
0.00048544 ,310.6816
0.00019144 ,122.5216
2.14153089e-05 ,13.705797696000001
0.00012554 ,80.34559999999999
0.00024266 ,155.3024
0.00015758 ,100.8512
0.00032609 ,208.6976
0.0002337 ,149.56799999999998
0.00031867 ,203.9488
0.00055611 ,355.9104
0.00049504 ,316.8256
0.00014708 ,94.1312
0.00053692 ,343.62879999999996
0.00016917 ,108.26880000000001
0.00041679 ,266.74559999999997
0.00073144 ,468.1216
0.00053148 ,340.1472
7.71334302e-05 ,49.36539532799999
0.00040681 ,260.3584
0.00062799 ,401.91360000000003
0.00051623 ,330.3872
0.0003947 ,252.608
0.00030352 ,194.2528
0.00044044 ,281.8816
0.00011018 ,70.5152
0.00049573 ,317.2672
0.0003418 ,218.752
6.75133051e-05 ,43.20851526399999
0.00076429 ,489.1456
0.00010621 ,67.9744
0.00061951 ,396.4864
0.00051925 ,332.32
0.00053187 ,340.39680000000004
0.00065479 ,419.0656
0.00030417 ,194.6688
0.00070663 ,452.2432
0.00068352 ,437.4527999999999
0.00042207 ,270.1248
8.53557487e-05 ,54.627679168
0.00026887 ,172.0768
0.00069562 ,445.1968
0.00023237 ,148.7168
0.00069943 ,447.6352
0.00043931 ,281.1584
0.00012947 ,82.8608
0.0004779 ,305.856
0.00056286 ,360.23040000000003
0.0006556 ,419.58399999999995
0.0006461 ,413.504
0.00020612 ,131.91680000000002
7.90135522e-05 ,50.568673408
0.0003357 ,214.848
0.00026884 ,172.0576
0.00058918 ,377.0752
0.0003936 ,251.904
0.00038452 ,246.0928
0.00032344 ,207.0016
3.44253835e-05 ,22.032245440000004
0.00050453 ,322.8992
0.00075768 ,484.9152
8.01622547e-05 ,51.303843008
0.00067687 ,433.1968
0.00073698 ,471.66720000000004
0.000231 ,147.84
0.00045413 ,290.64320000000004
0.00066626 ,426.40639999999996
0.00062033 ,397.0112
0.00035898 ,229.74720000000002
0.00063636 ,407.2704
0.0002743 ,175.552
2.44420398e-05 ,15.642905471999999
0.00025543 ,163.4752
0.00028314 ,181.2096
0.00034888 ,223.28319999999997
0.00031504 ,201.6256
0.00024521 ,156.93439999999998
8.69772366e-05 ,55.665431424
6.60779979e-05 ,42.289918656000005
0.00042506 ,272.0384
0.00067324 ,430.87359999999995
0.00015533 ,99.4112
0.00019429 ,124.34560000000002
0.00019638 ,125.6832
0.00064425 ,412.32
0.00063527 ,406.57280000000003
0.00055664 ,356.24959999999993
0.0002332 ,149.248
3.17748511e-05 ,20.335904703999997
0.00066319 ,424.44160000000005
0.00034692 ,222.0288
0.00064757 ,414.4448
0.00061132 ,391.24480000000005
0.00030793 ,197.0752
0.00022718 ,145.3952
0.000245 ,156.8
8.3506579e-05 ,53.44421056
8.74723316e-05 ,55.982292224
0.00042312 ,270.7968
1.03152145e-05 ,6.601737280000001
0.00015047 ,96.3008
0.00039768 ,254.5152
0.00040515 ,259.296
0.00059816 ,382.8224
0.00053819 ,344.44160000000005
0.00053563 ,342.80320000000006
0.00074336 ,475.7504
0.00034741 ,222.3424
0.00011545 ,73.888
0.00070702 ,452.49280000000005
0.00015052 ,96.33279999999999
0.00068568 ,438.83520000000004
0.00032209 ,206.1376
0.00051525 ,329.76
0.00041179 ,263.5456
0.00019243 ,123.1552
0.00037026 ,236.96640000000002
0.00014405 ,92.19200000000001
0.00053675 ,343.52000000000004
0.00024985 ,159.90399999999997
0.00057544 ,368.28159999999997
0.0002865 ,183.36
0.00044447 ,284.4608
0.0003968 ,253.952
0.00035434 ,226.77760000000004
0.00042014 ,268.88960000000003
0.00018034 ,115.4176
0.0003151 ,201.664
0.0002913 ,186.43200000000002
0.00037378 ,239.2192
0.00053672 ,343.50079999999997
0.00058361 ,373.51040000000006
0.00024266 ,155.3024
0.0006888 ,440.83200000000005
7.79087985e-05 ,49.86163104
0.00065711 ,420.5504000000001
0.00040265 ,257.696
0.00060233 ,385.49120000000005
0.0001548 ,99.072
0.00061819 ,395.64160000000004
0.0003879 ,248.25600000000003
6.01249825e-05 ,38.4799888
0.00035004 ,224.02559999999997
0.00067869 ,434.3616
0.00014905 ,95.392
0.00068372 ,437.5808
0.00029642 ,189.70879999999997
0.00023536 ,150.63039999999998
0.00058736 ,375.9104
0.00072379 ,463.2256
0.00026818 ,171.63520000000003
0.00036211 ,231.75039999999998
0.00041953 ,268.49920000000003
0.00072175 ,461.92
0.00035093 ,224.5952
0.00011354 ,72.6656
0.00059439 ,380.40959999999995
0.00036803 ,235.5392
0.00052455 ,335.71200000000005
0.00032925 ,210.72
0.00011427 ,73.1328
0.00017135 ,109.664
0.0006922 ,443.00800000000004
0.00046573 ,298.06719999999996
0.00017063 ,109.20320000000001
0.0003051 ,195.26399999999998
0.00040209 ,257.3376
0.0001449 ,92.736
6.50988833e-05 ,41.663285312000006
0.00020423 ,130.7072
0.00035859 ,229.4976
8.68089821e-05 ,55.557748544
